{"createdAt":1773416415,"version":3,"frames":[{"cf":[211.555908203125,7.705968379974365,604.9942626953125,0.9996424913406372,5.071658648603261e-8,0.026737155392766,-5.0336097956460438e-8,1,-1.4903656975207015e-8,-0.026737155392766,1.3552485356171929e-8,0.9996424913406372],"t":0.0005578000000241445,"cam":[213.67120361328126,21.624004364013673,618.62841796875,0.9996424913406372,-0.017966607585549356,0.01980092003941536,0,0.7405769228935242,0.6719715595245361,-0.026737155392766,-0.6717313528060913,0.7403121590614319],"v":[0.0000012790771961590509,0.00006508077058242634,3.4179495855823918e-7]},{"cf":[211.555908203125,7.705968379974365,604.9942626953125,0.9992547631263733,-1.9083211455495076e-8,0.038598764687776569,1.887592659954862e-8,1,5.734659414002863e-9,-0.038598764687776569,-5.001798530912538e-9,0.9992547631263733],"t":0.09586699999999837,"cam":[213.97970581054688,21.93341827392578,618.2874755859375,0.9987263679504395,-0.034749068319797519,0.03658146783709526,1.862645371275562e-9,0.725032389163971,0.6887147426605225,-0.05045494809746742,-0.6878376007080078,0.7241089344024658],"v":[-9.791053798835492e-7,0.00006508055230369791,-2.61636898812867e-7]},{"cf":[211.555908203125,7.705968379974365,604.9942626953125,0.9984093904495239,-4.95129945932149e-8,0.0563800185918808,4.871699488262493e-8,1,1.5492870986122399e-8,-0.0563800185918808,-1.2721563358297772e-8,0.9984093904495239],"t":0.1084618999993836,"cam":[214.272705078125,22.236164093017579,617.9328002929688,0.997247576713562,-0.05227918177843094,0.05257675424218178,3.725290298461914e-9,0.7091107368469238,0.7050971984863281,-0.0741446390748024,-0.7031564712524414,0.7071588635444641],"v":[-9.78269099505269e-7,0.00006508031219709665,-2.614133620681969e-7]},{"cf":[211.555908203125,7.705968379974365,604.9942626953125,0.9972475171089172,-5.7310533208010386e-8,0.0741446390748024,5.612488962469797e-8,1,1.8074473473461695e-8,-0.0741446390748024,-1.3863363790278527e-8,0.9972475171089172],"t":0.11685859999852255,"cam":[214.486083984375,22.414554595947267,617.7033081054688,0.9957696199417114,-0.0656750500202179,0.06426272541284561,0,0.6993797421455383,0.7147502899169922,-0.09188530594110489,-0.7117266058921814,0.6964210867881775],"v":[-9.78060029410699e-7,0.00006508005753858015,-2.613574849874567e-7]},{"cf":[211.555908203125,7.705968379974365,604.9942626953125,0.9946089386940002,-8.045900301567599e-8,0.10369690507650376,7.814883673518125e-8,1,2.6340917003153664e-8,-0.10369690507650376,-1.8095120069006044e-8,0.9946089386940002],"t":0.12882239999999,"cam":[214.8820343017578,22.82110595703125,617.1654663085938,0.9918675422668457,-0.09376940131187439,0.08605856448411942,-7.4505797087454088e-9,0.6761654615402222,0.7367498874664307,-0.12727440893650056,-0.7307583093643189,0.6706665754318237],"v":[-9.774332738743397e-7,0.00006507963553303853,-2.6119002427549278e-7]},{"cf":[211.555908203125,7.705968379974365,604.9942626953125,0.9894446730613709,-9.631912689656019e-8,0.14491115510463715,9.259989752763431e-8,1,3.241056845126877e-8,-0.14491115510463715,-1.864970577969416e-8,0.9894446730613709],"t":0.137425599999915,"cam":[215.13214111328126,23.04721450805664,616.8350219726563,0.9885674715042114,-0.1129317656159401,0.0999046191573143,0,0.6625868082046509,0.748985230922699,-0.15077969431877137,-0.7404224276542664,0.6550116539001465],"v":[-9.77015361058875e-7,0.00006507903890451416,-2.6107832695743129e-7]},{"cf":[211.555908203125,7.705968379974365,604.9942626953125,0.9857267141342163,-1.1190622473122858e-7,0.16835340857505799,1.0689672791386329e-7,1,3.8818750880409428e-8,-0.16835340857505799,-2.0268249301125253e-8,0.9857267141342163],"t":0.1457639999989624,"cam":[215.4919891357422,23.323320388793947,616.3864135742188,0.9825737476348877,-0.1419936567544937,0.11994493752717972,0,0.6453039050102234,0.7639259696006775,-0.1858735829591751,-0.7506136298179627,0.6340585947036743],"v":[-9.765979029907613e-7,0.0000650786969345063,-2.609667149044981e-7]},{"cf":[211.555908203125,7.705968379974365,604.9942626953125,0.9753344655036926,-1.00105971512221e-7,0.22073203325271607,9.456483240910529e-8,1,3.5670527864795079e-8,-0.22073203325271607,-1.3917208718794427e-8,0.9753344655036926],"t":0.1583476999985578,"cam":[216.00131225585938,23.644912719726564,615.77978515625,0.9712507128715515,-0.18600240349769593,0.14857760071754456,0,0.6241203546524048,0.7813282012939453,-0.23805925250053407,-0.7588655948638916,0.6061772108078003],"v":[4.5339425014390147e-7,0.00006507888610940427,-9.859064675765695e-10]},{"cf":[211.555908203125,7.705968379974365,604.9942626953125,0.9653265476226807,-7.00943516562802e-8,0.26104533672332766,6.598043711392165e-8,1,2.452327940716259e-8,-0.26104533672332766,-6.449085709903102e-9,0.9653265476226807],"t":0.17041909999898054,"cam":[216.45486450195313,23.955656051635743,615.1441650390625,0.9571574926376343,-0.23111684620380402,0.1744554340839386,0,0.6024677753448486,0.7981432676315308,-0.28956812620162966,-0.7639487981796265,0.5766564607620239],"v":[0.0000012652244549826719,0.00006507966463686898,1.4663261538316875e-7]},{"cf":[211.555908203125,7.705968379974365,604.9942626953125,0.94814532995224,-3.9851450139849479e-8,0.3178371787071228,3.805040904580892e-8,1,1.187442411065831e-8,-0.3178371787071228,8.351547786666913e-10,0.94814532995224],"t":0.18268629999874975,"cam":[216.76031494140626,24.206172943115236,614.6109619140625,0.9443062543869019,-0.2671043872833252,0.19220054149627686,0,0.584075391292572,0.8116994500160217,-0.3290680944919586,-0.7664928436279297,0.5515459775924683],"v":[0.0000013072410638415022,0.00006508077785838395,1.5432325994879648e-7]},{"cf":[211.555908203125,7.705968379974365,604.9942626953125,0.9382985234260559,-9.357793651076918e-9,0.3458263874053955,1.0659048754746437e-8,1,-1.8609801477609267e-9,-0.3458263874053955,5.432335026256396e-9,0.9382985234260559],"t":0.1962119999989227,"cam":[216.97409057617188,24.4488468170166,614.0975952148438,0.9319940805435181,-0.2989794909954071,0.20493507385253907,0,0.5653793215751648,0.8248310685157776,-0.36247360706329348,-0.7687376737594605,0.5269301533699036],"v":[0.0000013086613535051584,0.00006508134538307786,1.5463483293842729e-7]},{"cf":[211.555908203125,7.705968379974365,604.9942626953125,0.9253929853439331,2.1286851392687823e-8,0.379008948802948,-1.626690959710686e-8,1,-1.644701796976733e-8,-0.379008948802948,9.054652139184327e-9,0.9253929853439331],"t":0.20902989999922284,"cam":[217.1873016357422,24.543685913085939,613.80419921875,0.9208300113677979,-0.3236558735370636,0.21752917766571046,1.4901161193847657e-8,0.5578183531761169,0.8299630880355835,-0.38996419310569765,-0.7642549276351929,0.5136559009552002],"v":[0.0000013079418295092183,0.00006508202204713598,1.5455739799108415e-7]},{"cf":[211.555908203125,7.705968379974365,604.9942626953125,0.9208300709724426,4.1656715410454129e-8,0.3899640440940857,-3.399273396098579e-8,1,-2.6554197063433095e-8,-0.3899640440940857,1.119595971488252e-8,0.9208300709724426],"t":0.21777019999899495,"cam":[217.28611755371095,24.637245178222658,613.5740966796875,0.9137420058250427,-0.3392667770385742,0.22354786098003388,0,0.5502108335494995,0.8350257873535156,-0.40629497170448305,-0.7629981637001038,0.5027506947517395],"v":[0.0000013073887430437026,0.00006508224760182202,1.5449232648734324e-7]},{"cf":[211.51663208007813,7.705968379974365,604.9033813476563,0.913741946220398,6.210466096945311e-8,0.40629497170448305,-5.152831406007863e-8,1,-3.697087080922756e-8,-0.40629497170448305,1.284614192798017e-8,0.913741946220398],"t":0.22612999999910245,"cam":[217.26858520507813,24.683551788330079,613.3846435546875,0.9113146066665649,-0.34482067823410036,0.22495414316654206,0,0.5463888645172119,0.837531566619873,-0.4117106795310974,-0.7632547616958618,0.49793219566345217],"v":[-5.525313377380371,0.00006508258957182989,-12.590533256530762]},{"cf":[211.4369354248047,7.705968379974365,604.7257690429688,0.9063648581504822,9.271050771531009e-8,0.42249587178230288,-7.763014053807638e-8,1,-5.289822269105571e-8,-0.42249587178230288,1.5146675025334845e-8,0.9063648581504822],"t":0.23775709999972606,"cam":[217.2292022705078,24.77515983581543,613.0096435546875,0.9063647985458374,-0.35594815015792849,0.227604478597641,0,0.5387139320373535,0.842488706111908,-0.4224960505962372,-0.763602077960968,0.4882712960243225],"v":[-6.57774543762207,0.00006508293154183775,-14.454891204833985]},{"cf":[211.35264587402345,7.705968379974365,604.544677734375,0.9012859463691711,1.0528705018941764e-7,0.43322473764419558,-8.840517295993777e-8,1,-5.911184430829053e-8,-0.43322473764419558,1.4977365125901089e-8,0.9012859463691711],"t":0.24979910000001838,"cam":[217.2119598388672,24.820510864257814,612.6950073242188,0.9012860059738159,-0.3660500943660736,0.2317131608724594,1.4901162970204497e-8,0.5348567962646484,0.8449427485466003,-0.43322473764419558,-0.7615350484848023,0.48205888271331789],"v":[-6.804044723510742,0.00006508317892439663,-14.474126815795899]},{"cf":[211.29515075683595,7.705968379974365,604.4243774414063,0.8986988663673401,8.967027298467656e-8,0.4385662376880646,-7.539278357171497e-8,1,-4.9969330007115789e-8,-0.4385662376880646,1.1842650415871958e-8,0.8986988663673401],"t":0.2585933999998815,"cam":[217.20272827148438,24.820512771606447,612.5397338867188,0.8986988663673401,-0.37056341767311098,0.23457002639770509,1.4901161193847657e-8,0.5348565578460693,0.8449428677558899,-0.4385662376880646,-0.7593492269515991,0.48067498207092287],"v":[-6.91365909576416,0.00006508309161290526,-14.428105354309082]},{"cf":[211.20767211914063,7.705968379974365,604.2445068359375,0.8960805535316467,6.6199547177348e-8,0.4438915252685547,-5.597997798645338e-8,1,-3.6128138702906656e-8,-0.4438915252685547,7.524685763371508e-9,0.8960805535316467],"t":0.2707637999992585,"cam":[217.131591796875,24.86551284790039,612.2606811523438,0.896080493927002,-0.3761438727378845,0.2357020527124405,1.4901161193847657e-8,0.5309901833534241,0.8473778963088989,-0.4438915252685547,-0.7593188285827637,0.4758099913597107],"v":[-7.011608123779297,0.0000650830043014139,-14.38176155090332]},{"cf":[211.148681640625,7.705968379974365,604.1249389648438,0.8960805535316467,5.051992957305629e-8,0.4438915252685547,-4.3063234755891247e-8,1,-2.6879996894990655e-8,-0.4438915252685547,4.971237643758286e-9,0.8960805535316467],"t":0.27988919999916109,"cam":[217.07260131835938,24.86551284790039,612.14111328125,0.896080493927002,-0.3761438727378845,0.2357020527124405,1.4901161193847657e-8,0.5309901833534241,0.8473778963088989,-0.4438915252685547,-0.7593188285827637,0.4758099913597107],"v":[-7.089516639709473,0.0000650830043014139,-14.34354305267334]},{"cf":[211.0599365234375,7.705968379974365,603.9456787109375,0.8960805535316467,2.7013060233116449e-8,0.4438915252685547,-2.3698458306853355e-8,1,-1.3015189814780115e-8,-0.4438915252685547,1.1431132707073744e-9,0.8960805535316467],"t":0.291310099999464,"cam":[216.98385620117188,24.86551284790039,611.9618530273438,0.896080493927002,-0.3761438727378845,0.2357020527124405,1.4901161193847657e-8,0.5309901833534241,0.8473778963088989,-0.4438915252685547,-0.7593188285827637,0.4758099913597107],"v":[-7.101593017578125,0.0000650830043014139,-14.337618827819825]},{"cf":[210.97117614746095,7.705968379974365,603.7664184570313,0.8960805535316467,3.5212490701042044e-9,0.4438915252685547,-4.3460857135357859e-9,1,8.407318174974421e-10,-0.4438915252685547,-2.682553956745437e-9,0.8960805535316467],"t":0.3048475999985385,"cam":[216.8950958251953,24.86551284790039,611.7825927734375,0.896080493927002,-0.3761438727378845,0.2357020527124405,1.4901161193847657e-8,0.5309901833534241,0.8473778963088989,-0.4438915252685547,-0.7593188285827637,0.4758099913597107],"v":[-7.102230072021484,0.0000650830043014139,-14.337306022644043]},{"cf":[210.8528289794922,7.705968379974365,603.5274047851563,0.8960805535316467,-2.7777758759839345e-8,0.4438915252685547,2.1437799091472699e-8,1,1.930148307849322e-8,-0.4438915252685547,-7.779625832426973e-9,0.8960805535316467],"t":0.31721159999869999,"cam":[216.77674865722657,24.86551284790039,611.5435791015625,0.896080493927002,-0.3761438727378845,0.2357020527124405,1.4901161193847657e-8,0.5309901833534241,0.8473778963088989,-0.4438915252685547,-0.7593188285827637,0.4758099913597107],"v":[-7.102264881134033,0.0000650830043014139,-14.337288856506348]},{"cf":[210.7936553955078,7.705968379974365,603.4078979492188,0.8960805535316467,-4.341723780498796e-8,0.4438915252685547,3.432148432125359e-8,1,2.8525942497026336e-8,-0.4438915252685547,-1.0326527188908586e-8,0.8960805535316467],"t":0.33015249999880327,"cam":[216.7175750732422,24.86551284790039,611.424072265625,0.896080493927002,-0.3761438727378845,0.2357020527124405,1.4901161193847657e-8,0.5309901833534241,0.8473778963088989,-0.4438915252685547,-0.7593188285827637,0.4758099913597107],"v":[-7.102265357971191,0.0000650830043014139,-14.337288856506348]},{"cf":[210.82867431640626,7.705968379974365,603.2203369140625,0.8960805535316467,-6.686393305699312e-8,0.4438915252685547,5.363669330904486e-8,1,4.235524286855252e-8,-0.4438915252685547,-1.4144834636908854e-8,0.8960805535316467],"t":0.3414857999996457,"cam":[216.75259399414063,24.86551284790039,611.2365112304688,0.896080493927002,-0.3761438727378845,0.2357020527124405,1.4901161193847657e-8,0.5309901833534241,0.8473778963088989,-0.4438915252685547,-0.7593188285827637,0.4758099913597107],"v":[4.471614837646484,0.0000650830043014139,-15.116665840148926]},{"cf":[210.89109802246095,7.705968379974365,603.0308837890625,0.8960805535316467,-9.029560743556431e-8,0.4438915252685547,7.293953530052022e-8,1,5.61756792194501e-8,-0.4438915252685547,-1.796069426518443e-8,0.8960805535316467],"t":0.3533289999995759,"cam":[216.8150177001953,24.86551284790039,611.0470581054688,0.896080493927002,-0.3761438727378845,0.2357020527124405,1.4901161193847657e-8,0.5309901833534241,0.8473778963088989,-0.4438915252685547,-0.7593188285827637,0.4758099913597107],"v":[5.081955909729004,0.0000650830043014139,-15.15776538848877]},{"cf":[210.9336700439453,7.705968379974365,602.904541015625,0.8960805535316467,-1.0590838428470306e-7,0.4438915252685547,8.580122567991566e-8,1,6.538438412917458e-8,-0.4438915252685547,-2.0503236441982154e-8,0.8960805535316467],"t":0.3626767999994627,"cam":[216.8575897216797,24.86551284790039,610.9207153320313,0.896080493927002,-0.3761438727378845,0.2357020527124405,1.4901161193847657e-8,0.5309901833534241,0.8473778963088989,-0.4438915252685547,-0.7593188285827637,0.4758099913597107],"v":[5.1111555099487309,0.0000650830043014139,-15.1597318649292]},{"cf":[210.97630310058595,7.705968379974365,602.7781982421875,0.8960805535316467,-1.0444366438377983e-7,0.4438915252685547,8.477024948660983e-8,1,6.41658886024743e-8,-0.4438915252685547,-1.9869011325113207e-8,0.8960805535316467],"t":0.37198289999832925,"cam":[216.7736358642578,24.91017723083496,610.799560546875,0.9012855291366577,-0.36815282702445986,0.22835904359817506,0,0.5271134972572327,0.849794864654541,-0.43322551250457766,-0.7659078240394592,0.47507980465888979],"v":[5.115261554718018,0.00006508298974949867,-15.160008430480957]},{"cf":[211.0943145751953,7.705968379974365,602.4358520507813,0.9038407802581787,-7.630242748746241e-8,0.42786893248558047,6.216107806267246e-8,1,4.702071976225852e-8,-0.42786893248558047,-1.5902450911653433e-8,0.9038407802581787],"t":0.3822032999996736,"cam":[216.81320190429688,24.95450782775879,610.426513671875,0.9038407802581787,-0.3646272122859955,0.2238723188638687,-1.4901161193847657e-8,0.5232263803482056,0.8521937131881714,-0.42786893248558047,-0.7702474594116211,0.47291335463523867],"v":[10.270668029785157,0.00006508267688332126,-29.414457321166993]},{"cf":[211.18299865722657,7.705968379974365,602.186279296875,0.9088550209999085,-5.761219767919101e-8,0.41711220145225527,4.6984315105191857e-8,1,3.574642448711529e-8,-0.41711220145225527,-1.2890583711566706e-8,0.9088550209999085],"t":0.3916380999999092,"cam":[216.75872802734376,24.954509735107423,610.2774658203125,0.9113144874572754,-0.35085752606391909,0.2154179811477661,1.4901161193847657e-8,0.523226261138916,0.8521938323974609,-0.4117109477519989,-0.7766165733337402,0.47682368755340578],"v":[10.699793815612793,0.00006508245860459283,-30.032085418701173]},{"cf":[211.32308959960938,7.705968379974365,601.8118896484375,0.9161361455917358,-2.9632609255259014e-8,0.40086719393730166,2.390141418118219e-8,1,1.9297312192634309e-8,-0.40086719393730166,-8.097671866380552e-9,0.9161361455917358],"t":0.4056717999992543,"cam":[216.67710876464845,24.9985294342041,609.966796875,0.920829176902771,-0.33325591683387759,0.20251992344856263,0,0.5193266272544861,0.8545758128166199,-0.3899664580821991,-0.7869183421134949,0.47821101546287539],"v":[11.47874641418457,0.00006508214573841542,-29.862367630004884]},{"cf":[211.4705810546875,7.705968379974365,601.4401245117188,0.9253925681114197,-1.7320972434120563e-9,0.3790099620819092,5.127050450859372e-10,1,3.318234131910458e-9,-0.3790099620819092,-2.8763489368088814e-9,0.9253925681114197],"t":0.41566949999833016,"cam":[216.70004272460938,25.042217254638673,609.5911254882813,0.9253926277160645,-0.32478877902030947,0.19534799456596375,0,0.5154165625572205,0.8569397926330566,-0.37901002168655398,-0.7930057644844055,0.4769626259803772],"v":[11.952916145324707,0.0000650817237328738,-29.682939529418947]},{"cf":[211.57272338867188,7.705968379974365,601.1937866210938,0.9298255443572998,1.6766676935731085e-8,0.3680005371570587,-1.5217338500406187e-8,1,-7.111962574413155e-9,-0.3680005371570587,1.012895989305207e-9,0.9298255443572998],"t":0.4240119999994931,"cam":[216.70509338378907,25.042207717895509,609.4063110351563,0.9298256635665894,-0.3153541684150696,0.18967381119728089,0,0.515417218208313,0.8569393754005432,-0.3680005669593811,-0.7968042492866516,0.4792480766773224],"v":[12.305527687072754,0.00006508151273010299,-29.538841247558595]},{"cf":[211.67779541015626,7.705968379974365,600.94873046875,0.9341274499893189,3.521009261930885e-8,0.3569396436214447,-3.1063279948284619e-8,1,-1.7350359371448577e-8,-0.3569396436214447,5.11973130556953e-9,0.9341274499893189],"t":0.43347389999871668,"cam":[216.63768005371095,25.08556365966797,609.1834716796875,0.9362297058105469,-0.30194327235221865,0.1797340363264084,0,0.5114962458610535,0.8592854738235474,-0.3513887822628021,-0.8044885993003845,0.4788779318332672],"v":[12.65539836883545,0.00006508130172733217,-29.390695571899415]},{"cf":[211.84161376953126,7.705968379974365,600.5838012695313,0.9382983446121216,6.284031428549497e-8,0.3458269238471985,-5.5059746983943117e-8,1,-3.232208101167089e-8,-0.3458269238471985,1.1286611645289213e-8,0.9382983446121216],"t":0.4467439000000013,"cam":[216.7034149169922,25.085582733154298,608.8767700195313,0.9403338432312012,-0.2923751175403595,0.17403778433799745,0,0.5114946365356445,0.8592864274978638,-0.34025338292121889,-0.8080161213874817,0.4809756875038147],"v":[13.295647621154786,0.00006508109072456136,-29.106393814086915]},{"cf":[212.00999450683595,7.705968379974365,600.220947265625,0.9423360824584961,9.036627091063565e-8,0.33466801047325137,-7.91876360040078e-8,1,-4.7046327722455319e-8,-0.33466801047325137,1.783188352533216e-8,0.9423360824584961],"t":0.4585142999985692,"cam":[216.79818725585938,25.128620147705079,608.47412109375,0.9423362016677856,-0.28835511207580569,0.1698646992444992,-1.4901162970204497e-8,0.5075618028640747,0.8616153597831726,-0.33466804027557375,-0.8119313716888428,0.4782937467098236],"v":[13.548233985900879,0.00006508087972179055,-28.990272521972658]},{"cf":[212.1818389892578,7.705968379974365,599.8598022460938,0.9443056583404541,1.0086431956324304e-7,0.329069584608078,-8.846124899264396e-8,1,-5.2663207128489378e-8,-0.329069584608078,2.0620261054205004e-8,0.9443056583404541],"t":0.4705398999994941,"cam":[216.9209747314453,25.12860870361328,608.1412963867188,0.9443057179450989,-0.28353121876716616,0.1670234501361847,1.4901162970204497e-8,0.5075627565383911,0.8616147637367249,-0.329069584608078,-0.8136277198791504,0.47929438948631289],"v":[13.846349716186524,0.00006508073420263827,-28.84899139404297]},{"cf":[212.41368103027345,7.705968379974365,599.3795166015625,0.9443056583404541,6.955566789201839e-8,0.3290695548057556,-6.09936421369639e-8,1,-3.634194101209687e-8,-0.3290695548057556,1.4246750446034185e-8,0.9443056583404541],"t":0.48826179999923627,"cam":[217.1035919189453,25.128597259521486,607.6890258789063,0.9462420344352722,-0.27869728207588198,0.1641763597726822,1.4901161193847657e-8,0.5075638890266419,0.8616141676902771,-0.3234595060348511,-0.8152955174446106,0.48027828335762026],"v":[13.919722557067871,0.00006508074147859588,-28.813899993896486]},{"cf":[212.53013610839845,7.705968379974365,599.1396484375,0.9462420344352722,5.382561951705611e-8,0.3234595060348511,-4.722049951055851e-8,1,-2.8268139828924178e-8,-0.3234595060348511,1.1474583949677708e-8,0.9462420344352722],"t":0.4973058999985369,"cam":[217.2200469970703,25.12859344482422,607.4491577148438,0.9462420344352722,-0.2786972224712372,0.16417647898197175,1.4901161193847657e-8,0.5075643062591553,0.8616138696670532,-0.32345953583717348,-0.8152952790260315,0.4802786409854889],"v":[14.027716636657715,0.00006508082879008725,-28.761335372924806]},{"cf":[212.6050567626953,7.705968379974365,598.8974609375,0.9462420344352722,3.8188026962870938e-8,0.3234595060348511,-3.345324017800522e-8,1,-2.019779010709044e-8,-0.3234595060348511,8.29122992485054e-9,0.9462420344352722],"t":0.5081142999988515,"cam":[217.2949676513672,25.12859344482422,607.2069702148438,0.9462420344352722,-0.2786972224712372,0.16417647898197175,1.4901161193847657e-8,0.5075643062591553,0.8616138696670532,-0.32345953583717348,-0.8152952790260315,0.4802786409854889],"v":[3.9153013229370119,0.00006508082879008725,-29.381229400634767]},{"cf":[212.65151977539063,8.360166549682618,598.530029296875,0.9462420344352722,1.474417476998724e-8,0.3234595060348511,-1.281338501968321e-8,1,-8.098730575056834e-9,-0.3234595060348511,3.518747737629724e-9,0.9462420344352722],"t":0.5164838999990025,"cam":[217.3414306640625,25.782791137695314,606.8395385742188,0.9462420344352722,-0.2786972224712372,0.16417647898197175,1.4901161193847657e-8,0.5075643062591553,0.8616138696670532,-0.32345953583717348,-0.8152952790260315,0.4802786409854889],"v":[3.320646286010742,51.51836013793945,-29.418682098388673]},{"cf":[212.6717529296875,8.779267311096192,598.284423828125,0.9462420344352722,-8.767103154561084e-10,0.3234595060348511,9.391656341506405e-10,1,-3.699887618502373e-11,-0.3234595060348511,3.387919389474803e-10,0.9462420344352722],"t":0.5250674999988405,"cam":[217.36166381835938,26.20189094543457,606.5939331054688,0.9462420344352722,-0.2786971926689148,0.16417646408081056,0,0.5075642466545105,0.8616138696670532,-0.3234595060348511,-0.8152952790260315,0.4802786111831665],"v":[2.131336212158203,49.883358001708987,-29.493587493896486]},{"cf":[212.68353271484376,9.38237190246582,597.914794921875,0.9462420344352722,-2.429551848592837e-8,0.3234595060348511,2.1556969542757544e-8,1,1.2049139463954362e-8,-0.3234595060348511,-4.428595268279878e-9,0.9462420344352722],"t":0.5371280999988812,"cam":[217.37344360351563,26.804996490478517,606.2243041992188,0.9462420344352722,-0.2786971926689148,0.16417646408081056,0,0.5075642466545105,0.861613929271698,-0.3234594762325287,-0.8152953386306763,0.4802786111831665],"v":[0.34737104177474978,47.43085479736328,-29.605945587158204]},{"cf":[212.67300415039063,9.954819679260254,597.5437622070313,0.9462420344352722,-4.769931294390517e-8,0.3234595060348511,4.216155602421168e-8,1,2.4127530195983128e-8,-0.3234595060348511,-9.192928196455341e-9,0.9462420344352722],"t":0.5487572999991244,"cam":[217.3629150390625,27.37744140625,605.853271484375,0.946242094039917,-0.2786971628665924,0.16417647898197175,0,0.5075643062591553,0.8616138100624085,-0.3234595060348511,-0.8152952790260315,0.4802786409854889],"v":[-1.4365942478179932,44.97835159301758,-29.718303680419923]},{"cf":[212.65359497070313,10.31942081451416,597.295654296875,0.9462420344352722,-6.329350554779012e-8,0.3234595060348511,5.5890602368435796e-8,1,3.217548893985622e-8,-0.3234595060348511,-1.236745283961227e-8,0.9462420344352722],"t":0.5571486999997433,"cam":[217.343505859375,27.74204444885254,605.6051635742188,0.9462420344352722,-0.2786971926689148,0.16417646408081056,0,0.5075642466545105,0.8616138696670532,-0.3234595060348511,-0.8152952790260315,0.4802786111831665],"v":[-2.6259043216705324,43.34334945678711,-29.793209075927736]},{"cf":[212.62428283691407,10.67039680480957,597.0469360351563,0.9462420344352722,-7.888102970809996e-8,0.3234595060348511,6.961378318237621e-8,1,4.022000865688824e-8,-0.3234595060348511,-1.5540621234322317e-8,0.9462420344352722],"t":0.5656034999992698,"cam":[217.31419372558595,28.093021392822267,605.3564453125,0.9462420344352722,-0.2786971926689148,0.16417646408081056,0,0.5075642466545105,0.861613929271698,-0.3234594762325287,-0.8152953386306763,0.4802786111831665],"v":[-3.8152143955230715,41.70834732055664,-29.868114471435548]},{"cf":[212.5617218017578,11.171313285827637,596.672607421875,0.9462420344352722,-1.0224982105455638e-7,0.3234595060348511,9.018755520173727e-8,1,5.228034183346608e-8,-0.3234595060348511,-2.0297834524285464e-8,0.9462420344352722],"t":0.5800288999998884,"cam":[217.2516326904297,28.593936920166017,604.9821166992188,0.946242094039917,-0.2786971628665924,0.16417647898197175,0,0.5075643062591553,0.8616138100624085,-0.3234595060348511,-0.8152952790260315,0.4802786409854889],"v":[-5.599179744720459,39.25584411621094,-29.98047637939453]},{"cf":[212.47686767578126,11.641573905944825,596.2969360351563,0.9462420344352722,-1.2560363416014298e-7,0.3234595060348511,1.1074813244249526e-7,1,6.433294430507886e-8,-0.3234595060348511,-2.505199780955536e-8,0.9462420344352722],"t":0.591909199998554,"cam":[217.16677856445313,29.064197540283204,604.6064453125,0.946242094039917,-0.2786971628665924,0.16417647898197175,0,0.5075643062591553,0.8616138100624085,-0.3234595060348511,-0.8152952790260315,0.4802786409854889],"v":[-7.383144855499268,36.803340911865237,-30.092836380004884]},{"cf":[212.4079132080078,11.938050270080567,596.0457153320313,0.9462420344352722,-1.4116453428414389e-7,0.3234595060348511,1.244478653461556e-7,1,7.236371857288759e-8,-0.3234595060348511,-2.8219748315905237e-8,0.9462420344352722],"t":0.6008427999986452,"cam":[217.0978240966797,29.360671997070314,604.355224609375,0.946242094039917,-0.2786971628665924,0.16417647898197175,0,0.5075643062591553,0.8616138100624085,-0.3234595060348511,-0.8152952790260315,0.4802786409854889],"v":[-8.572454452514649,35.168338775634769,-30.167743682861329]},{"cf":[212.24404907226563,12.490126609802246,595.5415649414063,0.9462420344352722,-1.5474799397452444e-7,0.3234595060348511,1.3639215978855646e-7,1,7.941646629205934e-8,-0.3234595060348511,-3.102985601799446e-8,0.9462420344352722],"t":0.6131160999993881,"cam":[216.9339599609375,29.912750244140626,603.85107421875,0.946242094039917,-0.2786971628665924,0.16417647898197175,0,0.5075643062591553,0.8616138100624085,-0.3234595060348511,-0.8152952790260315,0.4802786409854889],"v":[-10.26788330078125,31.89833641052246,-30.27452850341797]},{"cf":[212.15797424316407,12.7457275390625,595.2892456054688,0.9462420344352722,-1.352634342310921e-7,0.3234595060348511,1.192090124391143e-7,1,6.944568298195009e-8,-0.3234595060348511,-2.7153136628044196e-8,0.9462420344352722],"t":0.6253548999993654,"cam":[216.84788513183595,30.168352127075197,603.5987548828125,0.9462420344352722,-0.2786971926689148,0.16417646408081056,0,0.5075642466545105,0.861613929271698,-0.3234594762325287,-0.8152953386306763,0.4802786111831665],"v":[-10.339056968688965,30.263338088989259,-30.279010772705079]},{"cf":[212.02862548828126,13.103581428527832,594.9107666015625,0.9462420344352722,-1.0605221945070298e-7,0.3234595060348511,9.344806528588379e-8,1,5.449750517527718e-8,-0.3234595060348511,-2.1341163503052486e-8,0.9462420344352722],"t":0.6369124999982887,"cam":[216.71853637695313,30.526203155517579,603.2202758789063,0.946242094039917,-0.2786971628665924,0.16417647898197175,0,0.5075643062591553,0.8616138100624085,-0.3234595060348511,-0.8152952790260315,0.4802786409854889],"v":[-10.350089073181153,27.810840606689454,-30.279706954956056]},{"cf":[211.9423828125,13.325119972229004,594.658447265625,0.9462420344352722,-8.658847860942842e-8,0.3234595060348511,7.628327836073368e-8,1,4.453737290077697e-8,-0.3234595060348511,-1.746858302453802e-8,0.9462420344352722],"t":0.6457940000000235,"cam":[216.63229370117188,30.747743606567384,602.9679565429688,0.9462420344352722,-0.2786971926689148,0.16417646408081056,0,0.5075642466545105,0.8616138696670532,-0.3234595060348511,-0.8152952790260315,0.4802786111831665],"v":[-10.350617408752442,26.17584228515625,-30.279739379882814]},{"cf":[211.81301879882813,13.631880760192871,594.2799682617188,0.9462420344352722,-5.740847086599388e-8,0.3234595060348511,5.054986118580018e-8,1,2.9605155660306083e-8,-0.3234595060348511,-1.1662809384915818e-8,0.9462420344352722],"t":0.6597740999986854,"cam":[216.5029296875,31.05450439453125,602.5894775390625,0.946242094039917,-0.2786971628665924,0.16417647898197175,0,0.5075643062591553,0.8616138100624085,-0.3234595060348511,-0.8152952790260315,0.4802786409854889],"v":[-10.350698471069336,23.723344802856447,-30.27974510192871]},{"cf":[211.68365478515626,13.907984733581543,593.9014892578125,0.9462420344352722,-2.8247178818219255e-8,0.3234595060348511,2.4832951694975237e-8,1,1.4682510318664299e-8,-0.3234595060348511,-5.8607545483368998e-9,0.9462420344352722],"t":0.670186699999249,"cam":[216.37356567382813,31.330608367919923,602.2109985351563,0.946242094039917,-0.2786971628665924,0.16417647898197175,0,0.5075643062591553,0.8616138100624085,-0.3234595060348511,-0.8152952790260315,0.4802786409854889],"v":[-10.350703239440918,21.27084732055664,-30.27974510192871]},{"cf":[211.597412109375,14.07502269744873,593.649169921875,0.9462420344352722,-8.816709140546664e-9,0.3234595060348511,7.697509296633598e-9,1,4.739394654507123e-9,-0.3234595060348511,-1.994781673175794e-9,0.9462420344352722],"t":0.6801782999991701,"cam":[216.28732299804688,31.49764633178711,601.9586791992188,0.9462420344352722,-0.2786971628665924,0.16417644917964936,1.4901162970204497e-8,0.5075641870498657,0.8616138696670532,-0.3234594762325287,-0.8152952790260315,0.48027855157852175],"v":[-10.350703239440918,19.635848999023439,-30.27974510192871]},{"cf":[211.46804809570313,14.300033569335938,593.2706909179688,0.9462420344352722,2.031342027919436e-8,0.3234595060348511,-1.7991915512993729e-8,1,-1.016731232539314e-8,-0.3234595060348511,3.801081671639395e-9,0.9462420344352722],"t":0.6919022999991285,"cam":[216.157958984375,31.722658157348634,601.5802001953125,0.9462420344352722,-0.2786971926689148,0.16417646408081056,0,0.5075642466545105,0.861613929271698,-0.3234594762325287,-0.8152953386306763,0.4802786111831665],"v":[-10.350703239440918,17.183351516723634,-30.27974510192871]},{"cf":[211.38180541992188,14.43301010131836,593.0183715820313,0.9462420344352722,3.97231261217712e-8,0.3234595060348511,-3.510904633685641e-8,1,-2.0099808040185964e-8,-0.3234595060348511,7.662928958040993e-9,0.9462420344352722],"t":0.7002483999985998,"cam":[216.07171630859376,31.855632781982423,601.327880859375,0.9462420344352722,-0.2786971926689148,0.16417649388313294,1.4901161193847657e-8,0.5075643658638,0.8616138696670532,-0.3234595060348511,-0.8152952790260315,0.48027870059013369],"v":[-10.350703239440918,15.548352241516114,-30.27974510192871]},{"cf":[211.25244140625,14.606926918029786,592.639892578125,0.9462420344352722,6.88221319933291e-8,0.3234595060348511,-6.077101488699555e-8,1,-3.499059531009152e-8,-0.3234595060348511,1.345260702834139e-8,0.9462420344352722],"t":0.7128988999993453,"cam":[215.94235229492188,32.02954864501953,600.9494018554688,0.9462420344352722,-0.2786971926689148,0.16417649388313294,1.4901161193847657e-8,0.5075643658638,0.8616138696670532,-0.3234595060348511,-0.8152952790260315,0.48027870059013369],"v":[-10.350703239440918,13.09585189819336,-30.27974510192871]},{"cf":[211.12307739257813,14.750187873840332,592.2614135742188,0.9462420344352722,9.790247190721857e-8,0.3234595060348511,-8.641653437280184e-8,1,-4.987183643834214e-8,-0.3234595060348511,1.923857873009638e-8,0.9462420344352722],"t":0.7248557999992045,"cam":[215.81298828125,32.17280960083008,600.5709228515625,0.9462420344352722,-0.2786971926689148,0.16417649388313294,1.4901161193847657e-8,0.5075643658638,0.8616138696670532,-0.3234595060348511,-0.8152952790260315,0.48027870059013369],"v":[-10.350703239440918,10.643351554870606,-30.27974510192871]},{"cf":[210.99371337890626,14.862792015075684,591.8829345703125,0.9462420344352722,1.269641671797217e-7,0.3234595060348511,-1.1204559058342056e-7,1,-6.474353853036519e-8,-0.3234595060348511,2.5020847616019638e-8,0.9462420344352722],"t":0.73635749999994,"cam":[215.68362426757813,32.28541564941406,600.1924438476563,0.9462420344352722,-0.2786971926689148,0.16417649388313294,1.4901161193847657e-8,0.5075643658638,0.8616138696670532,-0.3234595060348511,-0.8152952790260315,0.48027870059013369],"v":[-10.350703239440918,8.190851211547852,-30.27974510192871]},{"cf":[210.907470703125,14.920830726623536,591.630615234375,0.9462420344352722,1.4632826150773327e-7,0.3234595060348511,-1.2912249758301187e-7,1,-7.465271067985668e-8,-0.3234595060348511,2.8873634150272666e-8,0.9462420344352722],"t":0.7447761999992508,"cam":[215.59738159179688,32.34345245361328,599.9401245117188,0.9462420344352722,-0.2786971926689148,0.16417649388313294,1.4901161193847657e-8,0.5075643658638,0.8616138696670532,-0.3234595060348511,-0.8152952790260315,0.48027870059013369],"v":[-10.350703239440918,6.555850982666016,-30.27974510192871]},{"cf":[210.77810668945313,14.982341766357422,591.2521362304688,0.9462420344352722,1.402122791205329e-7,0.3234595060348511,-1.2371539526156995e-7,1,-7.156251768947186e-8,-0.3234595060348511,2.769853857387261e-8,0.9462420344352722],"t":0.7590323999993416,"cam":[215.468017578125,32.404964447021487,599.5616455078125,0.9462420344352722,-0.2786971926689148,0.16417649388313294,1.4901161193847657e-8,0.5075643658638,0.8616138696670532,-0.3234595060348511,-0.8152952790260315,0.48027870059013369],"v":[-10.350703239440918,4.103350639343262,-30.27974510192871]},{"cf":[210.64874267578126,15.013195991516114,590.8736572265625,0.9462420344352722,1.1653254716748052e-7,0.3234595060348511,-1.0281234352760294e-7,1,-5.950417047984047e-8,-0.3234595060348511,2.3049718578249668e-8,0.9462420344352722],"t":0.7700105999992957,"cam":[215.33865356445313,32.43581771850586,599.1831665039063,0.9462420344352722,-0.2786971926689148,0.16417649388313294,1.4901161193847657e-8,0.5075643658638,0.8616138696670532,-0.3234595060348511,-0.8152952790260315,0.48027870059013369],"v":[-10.350703239440918,1.6508504152297974,-30.27974510192871]},{"cf":[210.5625,15.01673412322998,590.621337890625,0.9462420344352722,1.0075449807800396e-7,0.3234595060348511,-8.888441982435325e-8,1,-5.146956638668598e-8,-0.3234595060348511,1.9952155483338175e-8,0.9462420344352722],"t":0.7790540999994846,"cam":[215.25241088867188,32.43935775756836,598.9308471679688,0.9462420344352722,-0.2786971926689148,0.16417649388313294,1.4901161193847657e-8,0.5075643658638,0.8616138696670532,-0.3234595060348511,-0.8152952790260315,0.48027870059013369],"v":[-10.350703239440918,0.015850424766540529,-30.27974510192871]},{"cf":[210.43313598632813,14.996495246887207,590.2428588867188,0.9462420344352722,7.710006144634463e-8,0.3234595060348511,-6.800370044857118e-8,1,-3.942410131685392e-8,-0.3234595060348511,1.5308295076010837e-8,0.9462420344352722],"t":0.7916458999989118,"cam":[215.123046875,32.41911697387695,598.5523681640625,0.9462420344352722,-0.2786971926689148,0.16417649388313294,1.4901161193847657e-8,0.5075643658638,0.8616138696670532,-0.3234595060348511,-0.8152952790260315,0.48027870059013369],"v":[-10.350703239440918,-2.4366495609283449,-30.27974510192871]},{"cf":[210.34689331054688,14.965970993041993,589.9905395507813,0.9462420344352722,6.133885932513295e-8,0.3234595060348511,-5.4090659062921989e-8,1,-3.139808057994742e-8,-0.3234595060348511,1.2214043998426405e-8,0.9462420344352722],"t":0.8002664999985427,"cam":[215.03680419921876,32.38859558105469,598.300048828125,0.9462420344352722,-0.2786972224712372,0.16417647898197175,1.4901161193847657e-8,0.5075643062591553,0.8616138696670532,-0.32345953583717348,-0.8152952790260315,0.4802786409854889],"v":[-10.350703239440918,-4.071649551391602,-30.27974510192871]},{"cf":[210.217529296875,14.894638061523438,589.612060546875,0.9462420344352722,3.7709696698584597e-8,0.3234595060348511,-3.323224717632911e-8,1,-1.9365476333632615e-8,-0.3234595060348511,7.575141403037833e-9,0.9462420344352722],"t":0.8121556999994937,"cam":[214.90744018554688,32.3172607421875,597.9215698242188,0.9462420344352722,-0.2786971926689148,0.16417649388313294,1.4901161193847657e-8,0.5075643658638,0.8616138696670532,-0.3234595060348511,-0.8152952790260315,0.48027870059013369],"v":[-10.350703239440918,-6.5241498947143559,-30.27974510192871]},{"cf":[210.13128662109376,14.83005142211914,589.3597412109375,0.9462420344352722,2.1965336216567267e-8,0.3234595060348511,-1.9334068568355179e-8,1,-1.1348026518476218e-8,-0.3234595060348511,4.484190796461007e-9,0.9462420344352722],"t":0.8211654999995517,"cam":[214.82119750976563,32.2526741027832,597.6692504882813,0.9462420344352722,-0.2786971926689148,0.16417649388313294,1.4901161193847657e-8,0.5075643658638,0.8616138696670532,-0.3234595060348511,-0.8152952790260315,0.48027870059013369],"v":[-10.350703239440918,-8.159150123596192,-30.27974510192871]},{"cf":[210.0450439453125,14.751839637756348,589.107421875,0.9462420344352722,6.227705462436006e-9,0.3234595060348511,-5.44183231809825e-9,1,-3.334003295663024e-9,-0.3234595060348511,1.394561688350393e-9,0.9462420344352722],"t":0.8297325999992609,"cam":[214.73495483398438,32.174461364746097,597.4169311523438,0.9462420344352722,-0.2786971926689148,0.16417649388313294,1.4901161193847657e-8,0.5075643658638,0.8616138696670532,-0.3234595060348511,-0.8152952790260315,0.48027870059013369],"v":[-10.350703239440918,-9.794150352478028,-30.27974510192871]},{"cf":[209.91567993164063,14.608975410461426,588.7289428710938,0.9462420344352722,-1.7366128091111933e-8,0.3234595060348511,1.5385388962840808e-8,1,8.680610008582335e-9,-0.3234595060348511,-3.2374078973163025e-9,0.9462420344352722],"t":0.8408974999983911,"cam":[214.6055908203125,32.03159713745117,597.0384521484375,0.9462420344352722,-0.2786971926689148,0.16417649388313294,1.4901161193847657e-8,0.5075643658638,0.8616138696670532,-0.3234595060348511,-0.8152952790260315,0.48027870059013369],"v":[-10.350703239440918,-12.246650695800782,-30.27974510192871]},{"cf":[209.78631591796876,14.435454368591309,588.3504638671875,0.9499627947807312,-4.084959570604951e-8,0.31236305832862856,3.624940703161883e-8,1,2.0533827083113466e-8,-0.31236305832862856,-8.183395294736329e-9,0.9499627947807312],"t":0.8552753999993001,"cam":[214.22764587402345,31.85806655883789,596.7954711914063,0.9554213881492615,-0.25438761711120608,0.14985646307468415,7.450580596923828e-9,0.5075653195381165,0.8616132140159607,-0.2952457070350647,-0.8232036828994751,0.48493874073028567],"v":[-10.350703239440918,-14.699151039123536,-30.27974510192871]},{"cf":[209.6189422607422,14.15640640258789,587.8441162109375,0.9548757076263428,-7.020461367801545e-8,0.29700565338134768,6.512502181976743e-8,1,2.6997161839403817e-8,-0.29700565338134768,-6.436434940582103e-9,0.9548757076263428],"t":0.870822799999587,"cam":[213.55162048339845,31.579029083251954,596.53759765625,0.971249520778656,-0.2051190882921219,0.12083267420530319,0,0.5075641870498657,0.8616138696670532,-0.23806382715702058,-0.8368420600891113,0.4929714798927307],"v":[-9.99772834777832,-17.969148635864259,-30.3980712890625]},{"cf":[209.5408935546875,13.996444702148438,587.5891723632813,0.975131630897522,-8.103046411633841e-8,0.22162656486034394,8.080113644837184e-8,1,1.0101333103307298e-8,-0.22162656486034394,8.057548406270599e-9,0.975131630897522],"t":0.8793632999986585,"cam":[213.16162109375,31.41905975341797,596.4171752929688,0.97910