{"createdAt":1773521077,"version":3,"frames":[{"cf":[133.4785919189453,7.79229736328125,-292.8462829589844,-0.0363762304186821,1.6367945221418269e-8,0.9993381500244141,2.5807015191503525e-8,1,-1.543940264525645e-8,-0.9993381500244141,2.5228308331293193e-8,-0.0363762304186821],"t":0.0004005999944638461,"cam":[146.34030151367188,20.07007598876953,-293.314453125,-0.03637583926320076,-0.641606330871582,0.7661710381507874,-1.862645371275562e-9,0.766678512096405,0.642031192779541,-0.9993382692337036,0.023354422301054,-0.027888568118214608],"v":[3.3040220159819e-7,0.000026021592930192129,5.09256494751753e-7]},{"cf":[133.3975067138672,7.79229736328125,-292.8433532714844,-0.03637491911649704,-1.0621874046989888e-8,0.9993382096290588,-1.674738214774152e-8,1,1.0019320484389027e-8,-0.9993382096290588,-1.637184610103759e-8,-0.03637491911649704],"t":0.19738119999237825,"cam":[146.24464416503907,20.011152267456056,-295.0621337890625,-0.036374881863594058,-0.6380985975265503,0.7690948247909546,0,0.7696042060852051,0.638521134853363,-0.9993382692337036,0.02322613075375557,-0.02799425646662712],"v":[-12.575021743774414,0.000026021592930192129,0.45773035287857058]},{"cf":[133.20571899414063,7.79229736328125,-292.83636474609377,-0.03637491911649704,2.600331061586303e-9,0.9993382096290588,4.09982625626526e-9,1,-2.452823277820926e-9,-0.9993382096290588,4.00789179622052e-9,-0.03637491911649704],"t":0.20901690000027885,"cam":[146.0528564453125,20.011152267456056,-295.0551452636719,-0.03637487813830376,-0.6380985975265503,0.7690949440002441,-1.862645371275562e-9,0.7696043252944946,0.638521134853363,-0.9993382692337036,0.02322612702846527,-0.02799426019191742],"v":[-15.809354782104493,0.000026021592930192129,0.5754453539848328]},{"cf":[133.07286071777345,7.79229736328125,-292.83154296875,-0.03637491911649704,1.141042638153067e-8,0.9993382096290588,1.799054238915687e-8,1,-1.076314504189213e-8,-0.9993382096290588,1.7587128198215397e-8,-0.03637491911649704],"t":0.22350129998812919,"cam":[145.9199981689453,20.011152267456056,-295.0503234863281,-0.03637487813830376,-0.6380985975265503,0.7690949440002441,-1.862645371275562e-9,0.7696043252944946,0.638521134853363,-0.9993382692337036,0.02322612702846527,-0.02799426019191742],"v":[-15.964090347290039,0.000026021592930192129,0.581076979637146]},{"cf":[132.93966674804688,7.79229736328125,-292.82672119140627,-0.03637491911649704,2.0216758045421558e-8,0.9993382096290588,3.187532371384805e-8,1,-1.9069915424552165e-8,-0.9993382096290588,3.116056035423753e-8,-0.03637491911649704],"t":0.2342793999996502,"cam":[145.78680419921876,20.011152267456056,-295.0455017089844,-0.03637487813830376,-0.6380985975265503,0.7690949440002441,-1.862645371275562e-9,0.7696043252944946,0.638521134853363,-0.9993382692337036,0.02322612702846527,-0.02799426019191742],"v":[-15.985849380493164,0.000026021592930192129,0.5818689465522766]},{"cf":[132.6065673828125,7.79229736328125,-292.8146667480469,-0.03637491911649704,4.221612570631805e-8,0.9993382096290588,6.656132001126025e-8,1,-3.982131602242589e-8,-0.9993382096290588,6.506877525680466e-8,-0.03637491911649704],"t":0.24694819998694585,"cam":[145.45370483398438,20.011152267456056,-295.033447265625,-0.03637487813830376,-0.6380985975265503,0.7690949440002441,-1.862645371275562e-9,0.7696043252944946,0.638521134853363,-0.9993382692337036,0.02322612702846527,-0.02799426019191742],"v":[-15.989383697509766,0.000026021592930192129,0.5819975733757019]},{"cf":[132.39224243164063,7.79229736328125,-292.8068542480469,-0.03637491911649704,5.1009291013315308e-8,0.9993382096290588,8.042534460628304e-8,1,-4.8115669670778519e-8,-0.9993382096290588,7.862191608865032e-8,-0.03637491911649704],"t":0.25767009999253789,"cam":[145.2393798828125,20.011152267456056,-295.025634765625,-0.03637487813830376,-0.6380985975265503,0.7690949440002441,-1.862645371275562e-9,0.7696043252944946,0.638521134853363,-0.9993382692337036,0.02322612702846527,-0.02799426019191742],"v":[-28.564420700073243,0.000026021591111202725,1.0397158861160279]},{"cf":[132.13308715820313,7.79229736328125,-292.7973937988281,-0.03637491911649704,5.979870110195407e-8,0.9993382096290588,9.428344327488958e-8,1,-5.64064777108797e-8,-0.9993382096290588,9.216926599719955e-8,-0.03637491911649704],"t":0.26617459999397399,"cam":[144.980224609375,20.011152267456056,-295.01617431640627,-0.03637487813830376,-0.6380985975265503,0.7690949440002441,-1.862645371275562e-9,0.7696043252944946,0.638521134853363,-0.9993382692337036,0.02322612702846527,-0.02799426019191742],"v":[-31.49867057800293,0.000026021592930192129,1.1465195417404175]},{"cf":[131.7344970703125,7.79229736328125,-292.7828674316406,-0.03637491911649704,5.37145297130337e-8,0.9993382096290588,8.469066159477734e-8,1,-5.0667441797713766e-8,-0.9993382096290588,8.279158691948396e-8,-0.03637491911649704],"t":0.2761920999910217,"cam":[144.58163452148438,20.011152267456056,-295.00164794921877,-0.03637487813830376,-0.6380985975265503,0.7690949440002441,-1.862645371275562e-9,0.7696043252944946,0.638521134853363,-0.9993382692337036,0.02322612702846527,-0.02799426019191742],"v":[-31.953500747680665,0.000026021569283329883,1.1630741357803345]},{"cf":[131.33482360839845,7.79229736328125,-292.768310546875,-0.03637491911649704,3.800671422027335e-8,0.9993382096290588,5.99244671661836e-8,1,-3.585069308087441e-8,-0.9993382096290588,5.858074558773296e-8,-0.03637491911649704],"t":0.2895853999943938,"cam":[144.1819610595703,20.011152267456056,-294.9870910644531,-0.03637487813830376,-0.6380985975265503,0.7690949440002441,-1.862645371275562e-9,0.7696043252944946,0.638521134853363,-0.9993382692337036,0.02322612702846527,-0.02799426019191742],"v":[-31.97748565673828,0.000026021569283329883,1.1639467477798463]},{"cf":[131.06834411621095,7.79229736328125,-292.75860595703127,-0.03637491911649704,2.7540430380668114e-8,0.9993382096290588,4.342248871580523e-8,1,-2.597813342219979e-8,-0.9993382096290588,4.2448800030570058e-8,-0.03637491911649704],"t":0.29976840000017548,"cam":[143.9154815673828,20.011152267456056,-294.9773864746094,-0.03637487813830376,-0.6380985975265503,0.7690949440002441,-1.862645371275562e-9,0.7696043252944946,0.638521134853363,-0.9993382692337036,0.02322612702846527,-0.02799426019191742],"v":[-31.978633880615236,0.000026021569283329883,1.1639885902404786]},{"cf":[130.6686248779297,7.79229736328125,-292.7440490722656,-0.03637491911649704,1.1849392578255902e-8,0.9993382096290588,1.8682746016907005e-8,1,-1.1177205827550552e-8,-0.9993382096290588,1.8263811796259689e-8,-0.03637491911649704],"t":0.3088318999944022,"cam":[143.51576232910157,20.011152267456056,-294.96282958984377,-0.03637487813830376,-0.6380985975265503,0.7690949440002441,-1.862645371275562e-9,0.7696043252944946,0.638521134853363,-0.9993382692337036,0.02322612702846527,-0.02799426019191742],"v":[-31.978811264038087,0.000026021569283329883,1.1639950275421143]},{"cf":[130.4021453857422,7.79229736328125,-292.7343444824219,-0.03637491911649704,1.3942870191741009e-9,0.9993382096290588,2.198392579089159e-9,1,-1.315190956141521e-9,-0.9993382096290588,2.1490977886173825e-9,-0.03637491911649704],"t":0.32019869999203368,"cam":[143.24928283691407,20.011152267456056,-294.953125,-0.03637487813830376,-0.6380985975265503,0.7690949440002441,-1.862645371275562e-9,0.7696043252944946,0.638521134853363,-0.9993382692337036,0.02322612702846527,-0.02799426019191742],"v":[-31.978818893432618,0.000026021569283329883,1.163995385169983]},{"cf":[130.00242614746095,7.79229736328125,-292.71978759765627,-0.03637491911649704,-1.427999585246198e-8,0.9993382096290588,-2.2514930364536668e-8,1,1.3469930948417641e-8,-0.9993382096290588,-2.2010063105426526e-8,-0.03637491911649704],"t":0.33051099999283908,"cam":[142.8495635986328,20.011152267456056,-294.9385681152344,-0.03637487813830376,-0.6380985975265503,0.7690949440002441,-1.862645371275562e-9,0.7696043252944946,0.638521134853363,-0.9993382692337036,0.02322612702846527,-0.02799426019191742],"v":[-31.97882080078125,0.000026021569283329883,1.163995385169983]},{"cf":[129.73594665527345,7.79229736328125,-292.7100830078125,-0.03637491911649704,-2.4723934899384404e-8,0.9993382096290588,-3.8981678329719219e-8,1,2.3321414133192776e-8,-0.9993382096290588,-3.810756510347346e-8,-0.03637491911649704],"t":0.33969779999461027,"cam":[142.5830841064453,20.011152267456056,-294.9288635253906,-0.03637487813830376,-0.6380985975265503,0.7690949440002441,-1.862645371275562e-9,0.7696043252944946,0.638521134853363,-0.9993382692337036,0.02322612702846527,-0.02799426019191742],"v":[-31.97882080078125,0.000026021569283329883,1.163995385169983]},{"cf":[129.3362274169922,8.44649600982666,-292.6955261230469,-0.03637491911649704,-4.038147949358972e-8,0.9993382096290588,-6.366860816342523e-8,1,3.809074655691802e-8,-0.9993382096290588,-6.224092174988982e-8,-0.03637491911649704],"t":0.3510150999936741,"cam":[142.18336486816407,20.66535186767578,-294.914306640625,-0.03637487813830376,-0.6380986571311951,0.7690950036048889,0,0.7696043848991394,0.638521134853363,-0.9993383288383484,0.02322612889111042,-0.02799426205456257],"v":[-31.97882080078125,51.51836013793945,1.163995385169983]},{"cf":[129.0697479248047,8.865596771240235,-292.6858215332031,-0.03637491911649704,-5.081426479591755e-8,0.9993382096290588,-8.011777197225456e-8,1,4.7931710156490229e-8,-0.9993382096290588,-7.832123571915872e-8,-0.03637491911649704],"t":0.3593706999963615,"cam":[141.91688537597657,21.084449768066408,-294.90460205078127,-0.03637487813830376,-0.6380985379219055,0.7690950036048889,-1.862645371275562e-9,0.7696043848991394,0.6385210752487183,-0.9993382692337036,0.023226125165820123,-0.02799426205456257],"v":[-31.97882080078125,49.883358001708987,1.1639958620071412]},{"cf":[128.8032684326172,9.271072387695313,-292.6761169433594,-0.03637491911649704,-6.124259499529217e-8,0.9993382096290588,-9.655990851342722e-8,1,5.776846734306673e-8,-0.9993382096290588,-9.439467874017282e-8,-0.03637491911649704],"t":0.37157839999417777,"cam":[141.65040588378907,21.489925384521486,-294.8948974609375,-0.03637487813830376,-0.6380985379219055,0.7690950036048889,-1.862645371275562e-9,0.7696043848991394,0.6385210752487183,-0.9993382692337036,0.023226125165820123,-0.02799426205456257],"v":[-31.97882080078125,48.248355865478519,1.1639959812164307]},{"cf":[128.2703094482422,10.041149139404297,-292.6567077636719,-0.03637491911649704,-8.208588297975439e-8,0.9993382096290588,-1.2942309979280254e-7,1,7.742936958266e-8,-0.9993382096290588,-1.2652095904286399e-7,-0.03637491911649704],"t":0.38395749998744579,"cam":[141.11744689941407,22.26000213623047,-294.87548828125,-0.03637487813830376,-0.6380985379219055,0.7690950036048889,-1.862645371275562e-9,0.7696043848991394,0.6385210752487183,-0.9993382692337036,0.023226125165820123,-0.02799426205456257],"v":[-31.97882080078125,44.97835159301758,1.1639959812164307]},{"cf":[128.0038299560547,10.405750274658204,-292.6470031738281,-0.03637491911649704,-8.275323182260763e-8,0.9993382096290588,-1.3047529989762553e-7,1,7.805886070855195e-8,-0.9993382096290588,-1.2754956912885974e-7,-0.03637491911649704],"t":0.3967272000008961,"cam":[140.85096740722657,22.624603271484376,-294.86578369140627,-0.03637487813830376,-0.6380985379219055,0.7690950036048889,-1.862645371275562e-9,0.7696043848991394,0.6385210752487183,-0.9993382692337036,0.023226125165820123,-0.02799426205456257],"v":[-31.97882080078125,43.34334945678711,1.1639959812164307]},{"cf":[127.60408782958985,10.927104949951172,-292.6324462890625,-0.03637491911649704,-6.913698769039911e-8,0.9993382096290588,-1.0900684799253213e-7,1,6.521502626810616e-8,-0.9993382096290588,-1.0656251703267117e-7,-0.03637491911649704],"t":0.4084115000005113,"cam":[140.45123291015626,23.145952224731447,-294.8512268066406,-0.036374855786561969,-0.6380981802940369,0.769095242023468,1.862645371275562e-9,0.7696046233177185,0.6385207176208496,-0.9993382692337036,0.023226100951433183,-0.02799425646662712],"v":[-31.97882080078125,40.890846252441409,1.163995623588562]},{"cf":[127.33759307861328,11.25764274597168,-292.62274169921877,-0.03637491539120674,-6.006433750371798e-8,0.9993382096290588,-9.470219453078244e-8,1,5.66570506066455e-8,-0.9993382096290588,-9.257862387812566e-8,-0.03637491539120674],"t":0.4174414000008255,"cam":[140.1847381591797,23.476490020751954,-294.8415222167969,-0.036374855786561969,-0.6380981802940369,0.769095242023468,1.862645371275562e-9,0.7696046233177185,0.6385207176208496,-0.9993382692337036,0.023226100951433183,-0.02799425646662712],"v":[-31.97882080078125,39.25584411621094,1.163995623588562]},{"cf":[127.07109832763672,11.574556350708008,-292.613037109375,-0.03637491166591644,-5.09955668803741e-8,0.9993382096290588,-8.040365173656028e-8,1,4.8102727134846648e-8,-0.9993382096290588,-7.860071349341524e-8,-0.03637491166591644],"t":0.4267175999993924,"cam":[139.91824340820313,23.793407440185548,-294.8318176269531,-0.03637486323714256,-0.6380982995033264,0.769095242023468,1.862645371275562e-9,0.7696046233177185,0.6385208368301392,-0.9993382692337036,0.023226110264658929,-0.02799425646662712],"v":[-31.97882080078125,37.62084197998047,1.163995623588562]},{"cf":[126.67135620117188,12.02437973022461,-292.5984802246094,-0.036374907940626147,-3.7399679797545107e-8,0.9993382096290588,-5.896730215226853e-8,1,3.527809511183477e-8,-0.9993382096290588,-5.7645042517151526e-8,-0.036374907940626147],"t":0.4380951999919489,"cam":[139.51849365234376,24.24323081970215,-294.8172607421875,-0.036374881863594058,-0.638098418712616,0.7690951228141785,-1.862645371275562e-9,0.769604504108429,0.6385208964347839,-0.9993383288383484,0.023226119577884675,-0.027994269505143167],"v":[-31.97882080078125,35.168338775634769,1.1639959812164307]},{"cf":[126.27161407470703,12.443546295166016,-292.58392333984377,-0.03637490049004555,-2.381250219229969e-8,0.9993382096290588,-3.7544687359059029e-8,1,2.2461682291918806e-8,-0.9993382096290588,-3.670279724587999e-8,-0.03637490049004555],"t":0.449616199999582,"cam":[139.11875915527345,24.66239356994629,-294.8027038574219,-0.036374855786561969,-0.6380981802940369,0.769095242023468,1.862645371275562e-9,0.7696046233177185,0.6385207176208496,-0.9993382692337036,0.023226100951433183,-0.02799425646662712],"v":[-31.97882080078125,32.71583557128906,1.163995623588562]},{"cf":[125.87187194824219,12.832056999206543,-292.5693664550781,-0.03637489676475525,-1.0234034064637854e-8,0.9993382096290588,-1.6135802027861247e-8,1,9.653484234206644e-9,-0.9993382096290588,-1.5773977679600649e-8,-0.03637489676475525],"t":0.463252299989108,"cam":[138.71902465820313,25.050899505615236,-294.78814697265627,-0.036374837160110477,-0.6380979418754578,0.7690955400466919,0,0.7696049213409424,0.6385204792022705,-0.9993382692337036,0.02322607859969139,-0.027994252741336824],"v":[-31.97882080078125,30.263338088989259,1.163995623588562]},{"cf":[125.47212982177735,13.189910888671875,-292.5548095703125,-0.036374885588884357,3.3357316908677605e-9,0.9993382096290588,5.259362279019797e-9,1,-3.1465052785506488e-9,-0.9993382096290588,5.141428172095175e-9,-0.036374885588884357],"t":0.47482609999133276,"cam":[138.31927490234376,25.40875244140625,-294.7735900878906,-0.036374859511852267,-0.638097882270813,0.7690954804420471,0,0.7696048617362976,0.6385204195976257,-0.9993382692337036,0.023226089775562288,-0.027994267642498018],"v":[-31.97882080078125,27.810840606689454,1.1639952659606934]},{"cf":[125.0723876953125,13.517108917236329,-292.5402526855469,-0.03637487441301346,1.689680040328767e-8,0.9993382096290588,2.664081399927909e-8,1,-1.593829246360201e-8,-0.9993382096290588,2.6043430523259304e-8,-0.03637487441301346],"t":0.48807969999324998,"cam":[137.91954040527345,25.735950469970704,-294.759033203125,-0.036374837160110477,-0.6380977630615234,0.7690956592559815,-1.862645371275562e-9,0.7696049809455872,0.6385203003883362,-0.9993382692337036,0.023226069286465646,-0.02799425646662712],"v":[-31.97882080078125,25.35834312438965,1.1639951467514039]},{"cf":[124.80589294433594,13.718210220336914,-292.5305480957031,-0.03637498617172241,2.5932688885177414e-8,0.9993382096290588,4.0887503161002317e-8,1,-2.4461595415914418e-8,-0.9993382096290588,3.997065078920059e-8,-0.03637498617172241],"t":0.49710149999009448,"cam":[137.65304565429688,25.937049865722658,-294.74932861328127,-0.03637484088540077,-0.6380977034568787,0.7690956592559815,0,0.7696049809455872,0.6385202407836914,-0.9993382692337036,0.023226073011755945,-0.02799425646662712],"v":[-31.97882080078125,23.723344802856447,1.1639949083328248]},{"cf":[124.4061508178711,13.994314193725586,-292.5159912109375,-0.03637497499585152,3.947927851299937e-8,0.9993382096290588,6.224612292271559e-8,1,-3.723972241687079e-8,-0.9993382096290588,6.085033277258845e-8,-0.03637497499585152],"t":0.5064073999965331,"cam":[137.2532958984375,26.213157653808595,-294.7347717285156,-0.036374859511852267,-0.638097882270813,0.7690954804420471,0,0.7696048617362976,0.6385204195976257,-0.9993382692337036,0.023226089775562288,-0.027994267642498018],"v":[-31.97882080078125,21.27084732055664,1.1639947891235352]},{"cf":[124.00640869140625,14.239762306213379,-292.5014343261719,-0.03637496381998062,5.30171924140177e-8,0.9993382096290588,8.359104697319708e-8,1,-5.000966751822489e-8,-0.9993382096290588,8.171662813083458e-8,-0.03637496381998062],"t":0.5182047999987844,"cam":[136.8535614013672,26.458600997924806,-294.72021484375,-0.03637484088540077,-0.6380977034568787,0.7690956592559815,1.862645593320167e-9,0.7696050405502319,0.6385201811790466,-0.9993383288383484,0.023226071149110795,-0.02799425646662712],"v":[-31.97882080078125,18.818349838256837,1.163995385169983]},{"cf":[123.6066665649414,14.454554557800293,-292.48687744140627,-0.036374952644109729,6.654643414094608e-8,0.9993382096290588,1.0492230018144255e-7,1,-6.277142716726303e-8,-0.9993382096290588,1.0256955107479371e-7,-0.036374952644109729],"t":0.5304292999935569,"cam":[136.4538116455078,26.673397064208986,-294.7056579589844,-0.03637486323714256,-0.638097882270813,0.7690955400466919,1.862645371275562e-9,0.7696049213409424,0.6385204195976257,-0.9993382692337036,0.023226095363497735,-0.027994269505143167],"v":[-31.97882080078125,16.36585235595703,1.1639946699142457]},{"cf":[123.34017181396485,14.580718040466309,-292.4771728515625,-0.03637494519352913,7.556111114581654e-8,0.9993382096290588,1.1913553521480935e-7,1,-7.12747336706343e-8,-0.9993382096290588,1.1646407926946267e-7,-0.03637494519352913],"t":0.5392910999944434,"cam":[136.18731689453126,26.799564361572267,-294.6959533691406,-0.03637486323714256,-0.6380980014801025,0.7690954804420471,0,0.7696048617362976,0.6385205388069153,-0.9993382692337036,0.023226097226142885,-0.027994267642498018],"v":[-31.97882080078125,14.730852127075196,1.1639952659606934]},{"cf":[123.07367706298828,14.693256378173829,-292.46746826171877,-0.03637493774294853,8.457194411448654e-8,0.9993382096290588,1.333426951077854e-7,1,-7.977440219519849e-8,-0.9993382096290588,1.3035266022143333e-7,-0.03637493774294853],"t":0.5482627999881515,"cam":[135.9208221435547,26.91210174560547,-294.6862487792969,-0.03637486323714256,-0.6380980014801025,0.7690954804420471,0,0.7696048617362976,0.6385205388069153,-0.9993382692337036,0.023226097226142885,-0.027994267642498018],"v":[-31.97882080078125,13.09585189819336,1.163995385169983]},{"cf":[122.80718231201172,14.792169570922852,-292.457763671875,-0.036374930292367938,8.396997941417794e-8,0.9993382096290588,1.323935947539212e-7,1,-7.920659328419788e-8,-0.9993382096290588,1.294248477279325e-7,-0.036374930292367938],"t":0.5583640999975614,"cam":[135.65432739257813,27.011011123657228,-294.6765441894531,-0.03637486323714256,-0.6380978226661682,0.7690956592559815,0,0.7696049809455872,0.638520359992981,-0.9993382692337036,0.023226091638207437,-0.027994273230433465],"v":[-31.97882080078125,11.460851669311524,1.1639949083328248]},{"cf":[122.54068756103516,14.877458572387696,-292.44805908203127,-0.03637492284178734,7.37613916612645e-8,0.9993382096290588,1.1629793306155989e-7,1,-6.957711207178363e-8,-0.9993382096290588,1.1369011332362789e-7,-0.03637492284178734],"t":0.5671469999942929,"cam":[135.38783264160157,27.096302032470704,-294.6668395996094,-0.036374859511852267,-0.638097882270813,0.7690954804420471,0,0.7696048617362976,0.6385204195976257,-0.9993382692337036,0.023226089775562288,-0.027994267642498018],"v":[-31.97882080078125,9.825851440429688,1.1639951467514039]},{"cf":[122.14094543457031,14.979844093322754,-292.4335021972656,-0.03637491166591644,5.845668482606925e-8,0.9993382096290588,9.216734042638564e-8,1,-5.514059608913158e-8,-0.9993382096290588,9.010061319258966e-8,-0.03637491166591644],"t":0.5756572999962373,"cam":[134.98809814453126,27.198680877685548,-294.65228271484377,-0.036374837160110477,-0.6380976438522339,0.769095778465271,0,0.7696051001548767,0.6385201811790466,-0.9993382692337036,0.023226067423820497,-0.02799426019191742],"v":[-31.97882080078125,7.373351097106934,1.1639952659606934]},{"cf":[121.74120330810547,15.051573753356934,-292.4189453125,-0.03637490049004555,4.316178348062749e-8,0.9993382096290588,6.805220920114152e-8,1,-4.07133349256128e-8,-0.9993382096290588,6.652622630554106e-8,-0.03637490049004555],"t":0.5899573999922723,"cam":[134.58834838867188,27.270416259765626,-294.6377258300781,-0.03637486323714256,-0.6380978226661682,0.7690955400466919,0,0.7696049213409424,0.638520359992981,-0.9993382692337036,0.023226091638207437,-0.027994269505143167],"v":[-31.97882080078125,4.92085075378418,1.1639951467514039]},{"cf":[121.4747085571289,15.082362174987793,-292.40924072265627,-0.03637489303946495,3.297062889373592e-8,0.9993382096290588,5.198404195994044e-8,1,-3.110029922481772e-8,-0.9993382096290588,5.0818368180216569e-8,-0.03637489303946495],"t":0.6005394999956479,"cam":[134.3218536376953,27.301204681396486,-294.6280212402344,-0.03637486323714256,-0.6380978226661682,0.7690955400466919,0,0.7696049213409424,0.638520359992981,-0.9993382692337036,0.023226091638207437,-0.027994269505143167],"v":[-31.97882080078125,3.2858505249023439,1.163995385169983]},{"cf":[121.07496643066406,15.102997779846192,-292.3946838378906,-0.036374881863594058,1.7692064702146128e-8,0.9993382096290588,2.7894664356153954e-8,1,-1.6688444404167059e-8,-0.9993382096290588,2.726916470408014e-8,-0.036374881863594058],"t":0.6094283999991603,"cam":[133.922119140625,27.32183837890625,-294.61346435546877,-0.036374837160110477,-0.6380977630615234,0.7690956592559815,-1.862645371275562e-9,0.7696049809455872,0.6385203003883362,-0.9993382692337036,0.023226069286465646,-0.02799425646662712],"v":[-31.97882080078125,0.8333502411842346,1.1639951467514039]},{"cf":[120.8084716796875,15.099723815917969,-292.3849792480469,-0.03637487441301346,7.51179474178798e-9,0.9993382096290588,1.1843657610199898e-8,1,-7.085672049100822e-9,-0.9993382096290588,1.1578079828211685e-8,-0.03637487441301346],"t":0.6202084999968065,"cam":[133.65562438964845,27.31856346130371,-294.603759765625,-0.03637484088540077,-0.6380977034568787,0.7690956592559815,0,0.7696049809455872,0.6385202407836914,-0.9993382692337036,0.023226073011755945,-0.02799425646662712],"v":[-31.97882080078125,-0.8016498684883118,1.1639946699142457]},{"cf":[120.40872955322266,15.069265365600586,-292.37042236328127,-0.036374982446432117,-7.750456276767182e-9,0.9993382096290588,-1.2219993017481557e-8,1,7.310792415893275e-9,-0.9993382096290588,-1.1945976652327772e-8,-0.036374982446432117],"t":0.6296722999977646,"cam":[133.25587463378907,27.28810691833496,-294.5892028808594,-0.03637486323714256,-0.6380978226661682,0.7690956592559815,0,0.7696049809455872,0.638520359992981,-0.9993382692337036,0.023226091638207437,-0.027994273230433465],"v":[-31.97882080078125,-3.254150152206421,1.1639949083328248]},{"cf":[120.1422348022461,15.031929016113282,-292.3607177734375,-0.03637497499585152,-1.7919857597803458e-8,0.9993382096290588,-2.825385969629224e-8,1,1.6903310751104074e-8,-0.9993382096290588,-2.7620304265951746e-8,-0.03637497499585152],"t":0.6384301999933086,"cam":[132.9893798828125,27.250770568847658,-294.5794982910156,-0.03637486323714256,-0.6380978226661682,0.7690955400466919,0,0.7696049213409424,0.638520359992981,-0.9993382692337036,0.023226091638207437,-0.027994269505143167],"v":[-31.97882080078125,-4.889150142669678,1.1639951467514039]},{"cf":[119.74249267578125,14.950377464294434,-292.3461608886719,-0.042221665382385257,-3.341083854024873e-8,0.9991082549095154,-5.231768795965763e-8,1,3.122974590041849e-8,-0.9991082549095154,-5.095246180530921e-8,-0.042221665382385257],"t":0.6517963999940548,"cam":[132.56240844726563,27.16922378540039,-294.7172546386719,-0.0482323095202446,-0.6377775073051453,0.7687089443206787,1.862645149230957e-9,0.7696046233177185,0.6385206580162048,-0.9988361597061157,0.030797328799962999,-0.03711980953812599],"v":[-31.97882080078125,-7.341650485992432,1.163995385169983]},{"cf":[119.47610473632813,14.87897777557373,-292.3341369628906,-0.0600835345685482,-4.4607261884266339e-8,0.9981933236122131,-6.84447627463669e-8,1,4.056814972841494e-8,-0.9981933236122131,-6.588362566617434e-8,-0.0600835345685482],"t":0.6632088999904227,"cam":[132.30050659179688,27.038681030273439,-294.936279296875,-0.06600497663021088,-0.6336126327514648,0.7708296775817871,3.725290298461914e-9,0.772514283657074,0.6349973678588867,-0.9978193044662476,0.041912991553545,-0.0509897843003273],"v":[-31.965017318725587,-8.97665023803711,1.4900749921798707]},{"cf":[119.03955078125,14.77115535736084,-292.3075866699219,-0.08362849801778794,-6.626686399613391e-8,0.9964969754219055,-1.0117914683860363e-7,1,5.800860947147157e-8,-0.9964969754219055,-9.597354022616855e-8,-0.08362849801778794],"t":0.677335000000312,"cam":[131.7811279296875,26.930850982666017,-295.2890319824219,-0.09557750821113587,-0.6320899128913879,0.7689781188964844,-3.725290298461914e-9,0.7725147008895874,0.6349969506263733,-0.9954220056533814,0.06069142371416092,-0.07383503019809723],"v":[-16.61089324951172,-1.4922635555267335,1.096728801727295]},{"cf":[118.94430541992188,14.767949104309082,-292.2999267578125,-0.10738421231508255,-6.79302942785398e-8,0.994217574596405,-1.0173553732784058e-7,1,5.733705421562263e-8,-0.994217574596405,-9.4990177501586e-8,-0.10738421231508255],"t":0.6875692999892635,"cam":[131.67904663085938,26.868274688720704,-295.5132141113281,-0.11328069120645523,-0.627395749092102,0.7704168558120728,3.725290298461914e-9,0.7754082083702087,0.631460428237915,-0.9935630559921265,0.07153227180242539,-0.08783876150846482],"v":[-10.610212326049805,-0.2098492681980133,0.9216655492782593]},{"cf":[118.86196899414063,14.767498016357422,-292.2913513183594,-0.13682536780834199,-5.948854919779478e-8,0.9905951619148254,-8.604638424003497e-8,1,4.816823562237005e-8,-0.9905951619148254,-7.864650086730762e-8,-0.13682536780834199],"t":0.6966363999963505,"cam":[131.49578857421876,26.867820739746095,-295.8810119628906,-0.14270666241645814,-0.6249971985816956,0.7674720287322998,-7.450581485102248e-9,0.7754083871841431,0.6314601302146912,-0.9897651076316834,0.0901135578751564,-0.11065593361854553],"v":[-9.765137672424317,-0.02950981631875038,1.0592972040176392]},{"cf":[118.70123291015625,15.03066635131836,-292.2685546875,-0.16615626215934754,-3.943313942045279e-8,0.9860994219779968,-5.4107275104797739e-8,1,3.087201605467271e-8,-0.9860994219779968,-4.822557642114589e-8,-0.16615626215934754],"t":0.7105746999877738,"cam":[131.1254119873047,27.13098907470703,-296.52752685546877,-0.19534000754356385,-0.6192954778671265,0.7604705691337586,0,0.7754083871841431,0.6314601302146912,-0.9807356595993042,0.12334942817687988,-0.15146824717521668],"v":[-9.625406265258789,25.888469696044923,1.479358434677124]},{"cf":[118.6210708618164,15.236185073852539,-292.2535400390625,-0.22434774041175843,-3.0965548347694497e-8,0.9745091795921326,-3.77104498738845e-8,1,2.3093978285260165e-8,-0.9745091795921326,-3.1568099245760098e-8,-0.22434774041175843],"t":0.722333499987144,"cam":[130.82913208007813,27.336505889892579,-297.0973205566406,-0.24166086316108704,-0.612744152545929,0.7524259090423584,-7.450580596923828e-9,0.7754085063934326,0.6314600706100464,-0.9703608751296997,0.15259918570518495,-0.18738585710525514],"v":[-9.617687225341797,24.25347137451172,1.8540565967559815]},{"cf":[118.54097747802735,15.395135879516602,-292.2353820800781,-0.2474149763584137,-2.0621030216716464e-8,0.9689096212387085,-2.1052480647654194e-8,1,1.5906881145610897e-8,-0.9689096212387085,-1.6462349705648195e-8,-0.2474149763584137],"t":0.7307475999987219,"cam":[130.56887817382813,27.495452880859376,-297.51068115234377,-0.27605104446411135,-0.6069232821464539,0.745278537273407,-1.4901161193847657e-8,0.7754086256027222,0.6314598917961121,-0.9611430168151856,0.17431515455245973,-0.21405234932899476],"v":[-9.609773635864258,14.71225643157959,2.2747347354888918]},{"cf":[118.4609375,15.479119300842286,-292.21453857421877,-0.28743791580200198,-1.0164121988509578e-8,0.9577992558479309,-4.137201692344661e-9,1,9.370369369321452e-9,-0.9577992558479309,-1.2692092932198307e-9,-0.28743791580200198],"t":0.7431629999919096,"cam":[130.22494506835938,27.579437255859376,-298.0546875,-0.3213520050048828,-0.5979671478271484,0.7342806458473206,0,0.7754084467887878,0.6314598917961121,-0.9469597935676575,0.20292089879512788,-0.24917905032634736],"v":[-9.602340698242188,9.474153518676758,2.6179308891296388]},{"cf":[118.34100341796875,15.595592498779297,-292.1781921386719,-0.3437381386756897,6.664543583667637e-9,0.9390655159950256,2.1674406269767134e-8,1,8.367642689854904e-10,-0.9390655159950256,2.0641314435465575e-8,-0.3437381386756897],"t":0.7537358999979915,"cam":[129.7694091796875,27.75527000427246,-298.5522766113281,-0.36592862010002139,-0.5909544825553894,0.718936026096344,1.4901162970204497e-8,0.7725154757499695,0.6349959373474121,-0.9306429624557495,0.23236320912837983,-0.2826854884624481],"v":[-9.59008502960205,8.69922161102295,3.0992496013641359]},{"cf":[118.26862335205078,15.677830696105957,-292.1353454589844,-0.36514365673065188,-0.031167270615696908,0.9304293394088745,-0.008697396144270897,0.9995099902153015,0.030068056657910348,-0.9309105277061462,0.00288684805855155,-0.3652358055114746],"t":0.7662745999987237,"cam":[129.4507598876953,27.895915985107423,-298.7555847167969,-0.3879135251045227,-0.5885204672813416,0.7093424797058106,0,0.7696058750152588,0.6385191679000855,-0.9216958284378052,0.24769021570682527,-0.29854050278663638],"v":[-7.30172061920166,4.794283390045166,3.7448809146881105]},{"cf":[118.20326232910156,15.794550895690918,-292.17706298828127,-0.35700637102127077,-0.06478533893823624,0.9318526387214661,-0.028144197538495065,0.9978851079940796,0.05859367549419403,-0.9336778521537781,-0.0053079272620379929,-0.35807469487190249],"t":0.7809585999930278,"cam":[129.29547119140626,28.010196685791017,-298.8761291503906,-0.3933764100074768,-0.5870400071144104,0.7075585126876831,-1.4901161193847657e-8,0.7696060538291931,0.6385189890861511,-0.9193775057792664,0.2511782944202423,-0.30274486541748049],"v":[-5.786499500274658,4.731906890869141,-2.7669785022735597]},{"cf":[118.19064331054688,15.849695205688477,-292.1982116699219,-0.3729178309440613,-0.07099314779043198,0.9251444339752197,-0.03353958576917648,0.9974483847618103,0.06302203983068466,-0.9272580146789551,-0.007526917848736048,-0.37434738874435427],"t":0.7913496999972267,"cam":[129.27352905273438,28.06468963623047,-298.9006042480469,-0.3933766186237335,-0.5870401859283447,0.7075583338737488,1.4901161193847657e-8,0.7696059942245483,0.6385192275047302,-0.9193774461746216,0.2511785328388214,-0.30274498462677],"v":[-5.499312877655029,5.4317426681518559,-2.8282880783081056]},{"cf":[118.1651611328125,15.899285316467286,-292.2200012207031,-0.3909595310688019,-0.07404440641403198,0.917424738407135,-0.036007024347782138,0.9972262382507324,0.0651407465338707,-0.9197033047676086,-0.0075663370080292229,-0.39254122972488406],"t":0.7997750999929849,"cam":[129.24346923828126,28.113948822021486,-298.9224548339844,-0.3933766484260559,-0.5870402455329895,0.7075581550598145,0,0.7696057558059692,0.638519287109375,-0.9193774461746216,0.2511785626411438,-0.30274492502212527],"v":[-5.307114124298096,5.089962959289551,-2.8161520957946779]},{"cf":[118.13898468017578,15.980270385742188,-292.25274658203127,-0.35236114263534548,-0.0750383585691452,0.9328509569168091,-0.036569975316524509,0.9971230030059815,0.06639499962329865,-0.9351493120193481,-0.010719317942857743,-0.3540915548801422],"t":0.8096787999966182,"cam":[129.21580505371095,28.194778442382814,-298.9599304199219,-0.39337658882141116,-0.587040364742279,0.7075580954551697,0,0.7696056962013245,0.6385194063186646,-0.9193774461746216,0.2511785924434662,-0.30274486541748049],"v":[-5.1658101081848148,5.280499458312988,-2.7809438705444338]},{"cf":[118.12097930908203,16.035133361816408,-292.2746276855469,-0.3909214437007904,-0.07517232000827789,0.9173492193222046,-0.03596477583050728,0.9971457123756409,0.06638513505458832,-0.9197211265563965,-0.007040883880108595,-0.39250919222831728],"t":0.8202422999893315,"cam":[129.19760131835938,28.249675750732423,-298.9762878417969,-0.39337658882141116,-0.587040364742279,0.7075580954551697,0,0.7696056962013245,0.6385194063186646,-0.9193774461746216,0.2511785924434662,-0.30274486541748049],"v":[-5.170045375823975,5.550236701965332,-2.778658866882324]},{"cf":[118.09615325927735,16.118030548095704,-292.3075866699219,-0.3519793748855591,-0.07423698157072067,0.9330591559410095,-0.035147491842508319,0.9971950650215149,0.06608107686042786,-0.9353476166725159,-0.009535511024296284,-0.353601336479187],"t":0.8298933999903966,"cam":[129.17416381835938,28.332653045654298,-299.01300048828127,-0.3933768570423126,-0.5870404839515686,0.7075579166412354,0,0.7696056365966797,0.6385195851325989,-0.9193773865699768,0.2511788308620453,-0.30274498462677],"v":[-5.121700286865234,5.307807445526123,-2.786283493041992]},{"cf":[118.08706665039063,16.175947189331056,-292.3293151855469,-0.3714636564254761,-0.07440672814846039,0.9254611730575562,-0.035053037106990817,0.9971967935562134,0.06610458344221115,-0.9277855753898621,-0.007884776219725609,-0.37303054332733157],"t":0.842154699988896,"cam":[129.16482543945313,28.390567779541017,-299.0322570800781,-0.39337682723999026,-0.587040364742279,0.7075579762458801,0,0.7696056365966797,0.6385195255279541,-0.919377326965332,0.2511787712574005,-0.3027450144290924],"v":[-5.108177661895752,5.638707637786865,-2.7759785652160646]},{"cf":[118.0618896484375,16.22578239440918,-292.3511047363281,-0.39100751280784609,-0.07428311556577683,0.917384922504425,-0.03507358208298683,0.9972163438796997,0.06579822301864624,-0.9197189807891846,-0.006448377855122089,-0.39252445101737978],"t":0.8511529999959748,"cam":[129.17933654785157,28.440441131591798,-298.9853515625,-0.38791394233703616,-0.5885210037231445,0.7093419432640076,-1.4901162970204497e-8,0.7696055173873901,0.638519823551178,-0.9216957092285156,0.24769072234630586,-0.2985406219959259],"v":[-5.113542556762695,5.1274871826171879,-2.7783896923065187]},{"cf":[118.03858184814453,16.31053352355957,-292.38433837890627,-0.3606424629688263,-0.07371912151575089,0.9297862648963928,-0.03487914428114891,0.9972402453422546,0.06553847342729569,-0.9320517778396606,-0.008794192224740982,-0.36221843957901],"t":0.8641184999869438,"cam":[129.2730255126953,28.525226593017579,-298.8211364746094,-0.37144505977630618,-0.5928367972373962,0.7145439982414246,0,0.7696055173873901,0.6385197043418884,-0.9284549951553345,0.23717498779296876,-0.2858661413192749],"v":[-5.178926944732666,5.772127628326416,-2.8626492023468019]},{"cf":[117.97828674316406,16.42311668395996,-292.43328857421877,-0.3193148374557495,-0.07047417759895325,0.9450245499610901,-0.03247866779565811,0.9974589347839356,0.06341017782688141,-0.9470919370651245,-0.010445324704051018,-0.3207923471927643],"t":0.8761246999929426,"cam":[129.31068420410157,28.755748748779298,-298.49932861328127,-0.3437374532222748,-0.6061913371086121,0.7172005772590637,1.4901162970204497e-8,0.7637383937835693,0.6455258727073669,-0.9390658736228943,0.22189143300056458,-0.2625254690647125],"v":[-5.418288230895996,6.260858058929443,-3.1481659412384035]},{"cf":[117.9258804321289,16.52464485168457,-292.4762268066406,-0.286576509475708,-0.06569072604179383,0.9558026194572449,-0.028509939089417459,0.9977894425392151,0.060028333216905597,-0.9576330780982971,-0.01004716381430626,-0.2878158390522003],"t":0.8892592999909539,"cam":[129.34544372558595,28.974483489990236,-298.16827392578127,-0.3157276213169098,-0.6191039085388184,0.7190455198287964,-1.4901162970204497e-8,0.7578074932098389,0.6524782180786133,-0.9488499164581299,0.20600537955760957,-0.239260733127594],"v":[-5.769996643066406,7.797109127044678,-3.6061999797821047]},{"cf":[117.89563751220703,16.60810661315918,-292.5086669921875,-0.2784936726093292,-0.06182602420449257,0.9584460258483887,-0.02525060623884201,0.9980522990226746,0.05704387277364731,-0.9601060748100281,-0.00831498485058546,-0.2795124053955078],"t":0.9002645000000484,"cam":[129.40451049804688,29.116348266601564,-297.9084167480469,-0.2931179702281952,-0.6271230578422546,0.721663773059845,0,0.7548182010650635,0.6559340357780457,-0.9560763835906982,0.192266047000885,-0.2212507426738739],"v":[-6.053756237030029,9.525489807128907,-4.012512683868408]},{"cf":[117.83773040771485,16.7471981048584,-292.5630187988281,-0.25139734148979189,-0.054947759956121448,0.9663229584693909,-0.020418977364897729,0.9984661340713501,0.051463332027196887,-0.9676685333251953,-0.006793582811951637,-0.25213372707366946],"t":0.9125103999977,"cam":[129.4727783203125,29.37139892578125,-297.4484558105469,-0.25316181778907778,-0.6412131190299988,0.7243996858596802,0,0.7487924098968506,0.6628046631813049,-0.9674239754676819,0.16779683530330659,-0.18956564366817475],"v":[-6.394678592681885,11.044464111328125,-4.542354583740234]},{"cf":[117.76319122314453,16.905559539794923,-292.6247863769531,-0.21290846168994904,-0.047308169305324557,0.9759261608123779,-0.015904994681477548,0.998862624168396,0.044950176030397418,-0.9769427180290222,-0.005951827857643366,-0.21341873705387116],"t":0.9254728999949293,"cam":[129.50218200683595,29.644760131835939,-296.99639892578127,-0.21276873350143434,-0.6542871594429016,0.7256982326507568,0,0.7427042722702026,0.6696196794509888,-0.9771026372909546,0.14247412979602815,-0.15802423655986787],"v":[-6.833521366119385,13.20623779296875,-5.20046329498291]},{"cf":[117.68145751953125,17.086999893188478,-292.6939697265625,-0.17059928178787232,-0.03983505815267563,0.9845349192619324,-0.011903778649866581,0.9991928935050964,0.038365453481674197,-0.9852685928344727,-0.005174567457288504,-0.17093577980995179],"t":0.9373162999982014,"cam":[129.5074462890625,29.82669448852539,-296.85345458984377,-0.19534122943878175,-0.6567198038101196,0.7283961772918701,0,0.7427041530609131,0.6696197390556336,-0.9807354211807251,0.13080434501171113,-0.14508070051670075],"v":[-7.131616592407227,14.356878280639649,-5.670764446258545]},{"cf":[117.62565612792969,17.2236270904541,-292.69342041015627,-0.15772278606891633,-0.03559026122093201,0.9868418574333191,-0.009517970494925976,0.9993586540222168,0.034520458430051807,-0.9874375462532044,-0.0039480687119066719,-0.15796038508415223],"t":0.946695799997542,"cam":[129.54745483398438,30.020423889160158,-296.4170837402344,-0.16030532121658326,-0.6643026471138,0.7300713658332825,0,0.7396367788314819,0.6730062961578369,-0.9870675206184387,0.10788649320602417,-0.11856769770383835],"v":[-7.625001430511475,16.569854736328126,0.8784293532371521]},{"cf":[117.54165649414063,17.45357322692871,-292.6750793457031,-0.13586939871311189,-0.02940419688820839,0.9902902841567993,-0.005599603988230228,0.9995663166046143,0.028911350294947625,-0.9907109141349793,-0.0016170660965144635,-0.13597512245178224],"t":0.9599228000006406,"cam":[129.50631713867188,30.307296752929689,-296.1029357910156,-0.1368340700864792,-0.6700170636177063,0.7296257615089417,0,0.7365538477897644,0.6763790249824524,-0.9905940890312195,0.09255169332027435,-0.10078563541173935],"v":[-7.996779441833496,18.559955596923829,1.5466971397399903]},{"cf":[117.44891357421875,17.61431121826172,-292.65435791015627,-0.10382238775491715,-0.04089434817