{"createdAt":1773519733,"version":3,"frames":[{"cf":[653.5259399414063,7.827597141265869,-193.59054565429688,0.6865098476409912,-8.34438367292023e-8,-0.7271205186843872,3.0497453451516779e-8,1,-8.596516920533759e-8,0.7271205186843872,3.684061056219434e-8,0.6865098476409912],"t":0.002462699994794093,"cam":[643.9166259765625,17.29692268371582,-182.23193359375,0.6821796298027039,0.3471167981624603,-0.6435378789901733,1.4901161193847657e-8,0.8801304697990418,0.47473201155662539,0.731184720993042,-0.3238525092601776,0.6004070043563843],"v":[-0.0000060245338318054568,0.00006504696648335084,-0.000035658325941767546]},{"cf":[653.5259399414063,7.827597141265869,-193.59054565429688,0.6778310537338257,-1.0090406732388146e-7,-0.7352176904678345,5.495804700217377e-8,1,-8.657544725565458e-8,0.7352176904678345,1.827739737336742e-8,0.6778310537338257],"t":0.013162699993699789,"cam":[643.7160034179688,17.29693031311035,-182.40478515625,0.6690559983253479,0.3528268337249756,-0.6541232466697693,0,0.8801301717758179,0.4747324287891388,0.7432119846343994,-0.317622572183609,0.5888563990592957],"v":[-0.000002644394953676965,0.00006504717748612165,-0.000012975398931303062]},{"cf":[653.5259399414063,7.827597141265869,-193.59054565429688,0.6601892709732056,-1.1817402878477879e-7,-0.7510992884635925,7.939624424579961e-8,1,-8.754832947488467e-8,0.7510992884635925,-1.8359881392981948e-9,0.6601892709732056],"t":0.022493399999802933,"cam":[643.4533081054688,17.29692840576172,-182.64077758789063,0.6512279510498047,0.3602658808231354,-0.6679151058197022,1.4901161193847657e-8,0.8801301717758179,0.47473230957984927,0.7588821649551392,-0.30915895104408266,0.5731653571128845],"v":[-0.0000015599114249198465,0.00006504760676762089,-0.000005174912985239644]},{"cf":[653.5259399414063,7.827597141265869,-193.59054565429688,0.6376163959503174,-8.976782339686906e-8,-0.7703540325164795,7.197996865215828e-8,1,-5.6950721472048829e-8,0.7703540325164795,-1.9137349482889478e-8,0.6376163959503174],"t":0.032748700003139678,"cam":[643.1962280273438,17.296924591064454,-182.8829345703125,0.6330325603485107,0.3675021231174469,-0.6813310384750366,0,0.8801303505897522,0.4747321307659149,0.7741252183914185,-0.3005208969116211,0.5571511387825012],"v":[8.188392257579835e-7,0.00006504790508188307,-0.0000014852539607090876]},{"cf":[653.5259399414063,7.827597141265869,-193.59054565429688,0.6237999200820923,-5.187240503801149e-8,-0.7815840840339661,6.31908463333275e-8,1,-1.5934254804506055e-8,0.7815840840339661,-3.944916926457154e-8,0.6237999200820923],"t":0.05085759999928996,"cam":[642.7315063476563,17.229333877563478,-183.2993621826172,0.6003395318984985,0.37644466757774355,-0.7056074142456055,0,0.882290244102478,0.4707057476043701,0.7997452020645142,-0.2825832664966583,0.5296737551689148],"v":[0.0000011973488653893583,0.00006504805060103536,-7.021133683338121e-7]},{"cf":[653.5259399414063,7.827597141265869,-193.59054565429688,0.6003395318984985,-3.1948694356742638e-8,-0.7997452616691589,5.947018522078906e-8,1,4.693506472364106e-9,0.7997452616691589,-5.037869499346925e-8,0.6003395318984985],"t":0.0600609999964945,"cam":[642.670654296875,17.22933578491211,-183.3636016845703,0.5955832600593567,0.37811505794525149,-0.7087380290031433,0,0.882290244102478,0.47070586681365969,0.8032937049865723,-0.28034454584121706,0.5254772305488586],"v":[0.000001206560796163103,0.00006504829798359424,-6.389972213582951e-7]},{"cf":[653.5259399414063,7.827597141265869,-193.59054565429688,0.5811892747879028,6.8853993617779e-9,-0.8137684464454651,5.25848911081539e-8,1,4.601698933015541e-8,0.8137684464454651,-6.953650455443494e-8,0.5811892747879028],"t":0.07287889999861364,"cam":[642.3720703125,17.229358673095704,-183.69012451171876,0.571491539478302,0.3862661123275757,-0.7240137457847595,0,0.8822895288467407,0.4707071781158447,0.8206080794334412,-0.2690051794052124,0.5042209029197693],"v":[0.000001207392301694199,0.00006504850171040744,-6.101562348703737e-7]},{"cf":[653.5259399414063,7.827597141265869,-193.59054565429688,0.5714930295944214,2.641659868629631e-8,-0.8206069469451904,4.960463328984588e-8,1,6.673755592601083e-8,0.8206069469451904,-7.884595731866284e-8,0.5714930295944214],"t":0.08175610000034794,"cam":[642.3134765625,17.229366302490236,-183.75648498535157,0.5666126608848572,0.3878556489944458,-0.7269924283027649,1.4901159417490817e-8,0.8822891712188721,0.47070762515068056,0.8239842057228088,-0.2667089104652405,0.49991628527641299],"v":[0.0000012069232298017596,0.00006504861084977165,-6.074659495425294e-7]},{"cf":[653.5259399414063,7.827597141265869,-193.59054565429688,0.5617136359214783,5.542317893514337e-8,-0.8273317217826843,4.5444096485880439e-8,1,9.784436372228811e-8,0.8273317217826843,-9.255785471395939e-8,0.5617136359214783],"t":0.09356839999963995,"cam":[642.1975708007813,17.2293701171875,-183.89022827148438,0.5567942261695862,0.39099377393722536,-0.7328739166259766,1.4901162970204497e-8,0.8822892308235169,0.47070789337158205,0.8306505680084229,-0.2620874345302582,0.49125346541404726],"v":[0.0000012061490224368754,0.00006504872726509348,-6.060740247448848e-7]},{"cf":[653.5259399414063,7.827597141265869,-193.59054565429688,0.5468988418579102,6.120573914358829e-8,-0.8371986746788025,3.2035387675932728e-8,1,9.403485279335655e-8,0.8371986746788025,-7.824753822660569e-8,0.5468988418579102],"t":0.10724379999737721,"cam":[642.0267333984375,17.22938346862793,-184.09341430664063,0.5419213771820068,0.39559733867645266,-0.7415011525154114,0,0.8822886943817139,0.4707086682319641,0.8404292464256287,-0.25508707761764529,0.4781310260295868],"v":[2.4021875333346545e-7,0.00006504883640445769,4.942226041748654e-7]},{"cf":[653.5259399414063,7.827597141265869,-193.59054565429688,0.5369243025779724,4.8842149880101718e-8,-0.8436304330825806,1.5035975797772494e-9,1,5.885215514922493e-8,0.8436304330825806,-3.2867632171473818e-8,0.5369243025779724],"t":0.12703309999778868,"cam":[641.9705810546875,17.229387283325197,-184.1618194580078,0.5369248390197754,0.3971041738986969,-0.7443251609802246,-1.4901159417490817e-8,0.8822885751724243,0.4707089364528656,0.8436300158500671,-0.25273531675338747,0.4737226963043213],"v":[-3.3441588698224225e-7,0.00006504862540168688,0.0000011481928368084482]},{"cf":[653.6094360351563,7.827597141265869,-193.6436767578125,0.5369243025779724,4.097154615578802e-8,-0.8436304330825806,-1.6874922792453618e-8,1,3.7825795828894118e-8,0.8436304330825806,-6.0733902351728379e-9,0.5369243025779724],"t":0.140814300000784,"cam":[642.0540771484375,17.229389190673829,-184.21495056152345,0.5369248986244202,0.39710426330566409,-0.7443250417709351,0,0.8822885751724243,0.470708966255188,0.8436301350593567,-0.2527353763580322,0.4737226366996765],"v":[11.599912643432618,0.00006504862540168688,-7.382716178894043]},{"cf":[653.7178344726563,7.827597141265869,-193.71266174316407,0.5369243025779724,3.5727282465813917e-8,-0.8436304330825806,-2.9120734268417438e-8,1,2.381570318732429e-8,0.8436304330825806,1.1779907715947502e-8,0.5369243025779724],"t":0.1497490000037942,"cam":[642.1067504882813,17.22939109802246,-184.3526611328125,0.5319098234176636,0.39859700202941897,-0.7471227645874023,0,0.8822885155677795,0.4707091450691223,0.8468010425567627,-0.25037482380867007,0.4692979156970978],"v":[13.231149673461914,0.00006504863267764449,-8.420909881591797]},{"cf":[653.8298950195313,7.827597141265869,-193.78367614746095,0.5319101214408875,3.04147462770743e-8,-0.8468008041381836,-4.144418497276092e-8,1,9.884454144071242e-9,0.8468008041381836,2.983733082828621e-8,0.5319101214408875],"t":0.1597853999992367,"cam":[642.1635131835938,17.229398727416993,-184.49273681640626,0.5268761515617371,0.40007591247558596,-0.749893844127655,0,0.8822882175445557,0.47070959210395815,0.849942147731781,-0.24800565838813783,0.4648565649986267],"v":[13.492252349853516,0.00006504853081423789,-8.516755104064942]},{"cf":[653.9994506835938,7.827597141265869,-193.8895721435547,0.5268768072128296,2.237834983986886e-8,-0.8499416708946228,-6.004307806506404e-8,1,-1.0891281654323848e-8,0.8499416708946228,5.6771476408812308e-8,0.5268768072128296],"t":0.17071210000722204,"cam":[642.2781372070313,17.22941017150879,-184.6680145263672,0.5218237638473511,0.40154093503952029,-0.7526385188102722,0,0.8822877407073975,0.47071024775505068,0.8530533313751221,-0.24562779068946839,0.46039870381355288],"v":[13.589022636413575,0.00006504842167487368,-8.441669464111329]},{"cf":[654.1128540039063,7.827597141265869,-193.9596405029297,0.516753077507019,1.641375568794956e-8,-0.8561344742774963,-7.255837175534907e-8,1,-2.4623473038332123e-8,0.8561344742774963,7.484398167889594e-8,0.516753077507019],"t":0.18081489999894985,"cam":[642.2828979492188,17.229427337646486,-184.87783813476563,0.5116636753082275,0.40442851185798647,-0.7580487728118897,1.4901162970204497e-8,0.8822873830795288,0.47071129083633425,0.8591859340667725,-0.24084588885307313,0.45143434405326846],"v":[13.628772735595704,0.00006504821794806048,-8.381132125854493]},{"cf":[654.3414916992188,7.827597141265869,-194.0968780517578,0.5065569877624512,4.9526276413303098e-9,-0.8622065186500549,-9.789686572503342e-8,1,-5.177148310053781e-8,0.8622065186500549,1.1063252003395974e-7,0.5065569877624512],"t":0.19415070000104607,"cam":[642.4578857421875,17.229440689086915,-185.08543395996095,0.5065566301345825,0.4058511257171631,-0.7607136964797974,0,0.8822869658470154,0.4707120656967163,0.862206757068634,-0.2384423166513443,0.4469282925128937],"v":[13.743026733398438,0.0000650480214972049,-8.193147659301758]},{"cf":[654.513916015625,7.827597141265869,-194.19818115234376,0.49628695845603945,-2.471342908094698e-9,-0.8681585192680359,-8.63471427692275e-8,1,-5.220740462164031e-8,0.8681585192680359,1.0087286739235424e-7,0.49628695845603945],"t":0.20638529999996536,"cam":[642.524169921875,17.229434967041017,-185.3284149169922,0.4962880313396454,0.4086521565914154,-0.7659645676612854,0,0.8822871446609497,0.47071173787117007,0.8681579828262329,-0.23360860347747804,0.43786850571632388],"v":[13.822455406188965,0.0000650480214972049,-8.058309555053711]},{"cf":[654.6874389648438,7.827597141265869,-194.29771423339845,0.49628695845603945,-7.636452359349733e-9,-0.8681585192680359,-5.948167824953998e-8,1,-4.279913667915025e-8,0.8681585192680359,7.288018366580218e-8,0.49628695845603945],"t":0.22088239999720828,"cam":[642.6976928710938,17.229427337646486,-185.42794799804688,0.496288001537323,0.40865182876586916,-0.7659646272659302,-1.4901162970204497e-8,0.8822872042655945,0.470711350440979,0.8681579828262329,-0.23360837996006013,0.43786853551864626],"v":[13.88693618774414,0.00006504802877316251,-7.9468159675598148]},{"cf":[654.8890991210938,7.827597141265869,-194.4130096435547,0.49628695845603945,-1.1078022055244219e-8,-0.8681585192680359,-4.1580928922257956e-8,1,-3.653030589134687e-8,0.8681585192680359,5.4228355139684939e-8,0.49628695845603945],"t":0.23017799999797718,"cam":[642.8993530273438,17.229427337646486,-185.54324340820313,0.496288001537323,0.40865182876586916,-0.7659646272659302,-1.4901162970204497e-8,0.8822872042655945,0.470711350440979,0.8681579828262329,-0.23360837996006013,0.43786853551864626],"v":[25.827192306518556,0.00006504802877316251,-14.76544189453125]},{"cf":[655.2317504882813,7.827597141265869,-194.60888671875,0.49628695845603945,-1.6237624578252509e-8,-0.8681585192680359,-1.4744133913779934e-8,1,-2.7132079694069945e-8,0.8681585192680359,2.626554440610107e-8,0.49628695845603945],"t":0.240906899998663,"cam":[643.2420043945313,17.229427337646486,-185.73912048339845,0.496288001537323,0.40865182876586916,-0.7659646272659302,-1.4901162970204497e-8,0.8822872042655945,0.470711350440979,0.8681579828262329,-0.23360837996006013,0.43786853551864626],"v":[27.678016662597658,0.0000650480214972049,-15.822376251220704]},{"cf":[655.5787963867188,7.827597141265869,-194.80726623535157,0.49628695845603945,-2.139392485389635e-8,-0.8681585192680359,1.207547217774163e-8,1,-1.7739877122835425e-8,0.8681585192680359,-1.6793547663596087e-9,0.49628695845603945],"t":0.2544281000009505,"cam":[643.5890502929688,17.229427337646486,-185.9375,0.496288001537323,0.40865182876586916,-0.7659646272659302,-1.4901162970204497e-8,0.8822872042655945,0.470711350440979,0.8681579828262329,-0.23360837996006013,0.43786853551864626],"v":[27.775617599487306,0.00006504802877316251,-15.878113746643067]},{"cf":[655.926025390625,7.827597141265869,-195.0057830810547,0.49628695845603945,-2.654692465853259e-8,-0.8681585192680359,3.8877903563161456e-8,1,-8.353691072215952e-9,0.8681585192680359,-2.9606354701172678e-8,0.49628695845603945],"t":0.26552040000387935,"cam":[643.936279296875,17.229427337646486,-186.13601684570313,0.496288001537323,0.40865182876586916,-0.7659646272659302,-1.4901162970204497e-8,0.8822872042655945,0.470711350440979,0.8681579828262329,-0.23360837996006013,0.43786853551864626],"v":[27.780765533447267,0.0000650480214972049,-15.88105297088623]},{"cf":[656.1575927734375,7.827597141265869,-195.1381378173828,0.49628695845603945,-2.998042702984094e-8,-0.8681585192680359,5.67366527093327e-8,1,-2.0995758465147675e-9,0.8681585192680359,-4.8214417347480779e-8,0.49628695845603945],"t":0.2759617999981856,"cam":[644.1678466796875,17.229427337646486,-186.26837158203126,0.496288001537323,0.40865182876586916,-0.7659646272659302,-1.4901162970204497e-8,0.8822872042655945,0.470711350440979,0.8681579828262329,-0.23360837996006013,0.43786853551864626],"v":[27.7810115814209,0.0000650480214972049,-15.881193161010743]},{"cf":[656.5049438476563,7.827597141265869,-195.336669921875,0.49628695845603945,-3.512793256277291e-8,-0.8681585192680359,8.351047853238924e-8,1,7.276585556326154e-9,0.8681585192680359,-7.611161123577404e-8,0.49628695845603945],"t":0.28769280000415167,"cam":[644.5151977539063,17.229427337646486,-186.46690368652345,0.496288001537323,0.40865182876586916,-0.7659646272659302,-1.4901162970204497e-8,0.8822872042655945,0.470711350440979,0.8681579828262329,-0.23360837996006013,0.43786853551864626],"v":[27.781049728393556,0.00006504802877316251,-15.88121509552002]},{"cf":[656.852294921875,7.827597141265869,-195.5352020263672,0.49628695845603945,-4.0272148282838319e-8,-0.8681585192680359,1.1026715895923189e-7,1,1.664673909829162e-8,0.8681585192680359,-1.0399093497426293e-7,0.49628695845603945],"t":0.2998769999976503,"cam":[644.862548828125,17.229427337646486,-186.66543579101563,0.496288001537323,0.40865182876586916,-0.7659646272659302,-1.4901162970204497e-8,0.8822872042655945,0.470711350440979,0.8681579828262329,-0.23360837996006013,0.43786853551864626],"v":[27.781051635742189,0.0000650480214972049,-15.881216049194336]},{"cf":[657.1996459960938,7.827597141265869,-195.73373413085938,0.49628695845603945,-2.8591140122102844e-8,-0.8681585192680359,8.566985343350098e-8,1,1.6040495154356905e-8,0.8681585192680359,-8.233570270022028e-8,0.49628695845603945],"t":0.31149370000639467,"cam":[645.2098999023438,17.229427337646486,-186.8639678955078,0.496288001537323,0.40865182876586916,-0.7659646272659302,-1.4901162970204497e-8,0.8822872042655945,0.470711350440979,0.8681579828262329,-0.23360837996006013,0.43786853551864626],"v":[27.781051635742189,0.0000650480214972049,-15.881214141845704]},{"cf":[657.4312133789063,7.827597141265869,-195.8660888671875,0.49628695845603945,-2.080795802328339e-8,-0.8681585192680359,6.928040363618493e-8,1,1.5636549832720449e-8,0.8681585192680359,-6.790659057287485e-8,0.49628695845603945],"t":0.3210683999932371,"cam":[645.4414672851563,17.229427337646486,-186.99632263183595,0.496288001537323,0.40865182876586916,-0.7659646272659302,-1.4901162970204497e-8,0.8822872042655945,0.470711350440979,0.8681579828262329,-0.23360837996006013,0.43786853551864626],"v":[27.781051635742189,0.00006504801422124729,-15.881214141845704]},{"cf":[657.778564453125,7.827597141265869,-196.0646209716797,0.49628695845603945,-9.139418999382088e-9,-0.8681585192680359,4.4709363322681386e-8,1,1.5030957811745794e-8,0.8681585192680359,-4.6274482912167517e-8,0.49628695845603945],"t":0.33222870000463447,"cam":[645.788818359375,17.229427337646486,-187.19485473632813,0.496288001537323,0.40865182876586916,-0.7659646272659302,-1.4901162970204497e-8,0.8822872042655945,0.470711350440979,0.8681579828262329,-0.23360837996006013,0.43786853551864626],"v":[27.781051635742189,0.00006504801422124729,-15.881214141845704]},{"cf":[658.0101318359375,7.827597141265869,-196.1969757080078,0.49628695845603945,-1.3645454766120225e-9,-0.8681585192680359,2.8337414192947109e-8,1,1.462744769753499e-8,0.8681585192680359,-3.186077890404704e-8,0.49628695845603945],"t":0.3417069999995874,"cam":[646.0203857421875,17.229427337646486,-187.32720947265626,0.496288001537323,0.40865182876586916,-0.7659646272659302,-1.4901162970204497e-8,0.8822872042655945,0.470711350440979,0.8681579828262329,-0.23360837996006013,0.43786853551864626],"v":[27.781051635742189,0.0000650480214972049,-15.881214141845704]},{"cf":[658.3574829101563,7.827597141265869,-196.3955078125,0.49628695845603945,1.0291540952778178e-8,-0.8681585192680359,3.792600899998888e-9,1,1.4022506711341976e-8,0.8681585192680359,-1.0251766546787167e-8,0.49628695845603945],"t":0.3542523999931291,"cam":[646.3677368164063,17.229427337646486,-187.52574157714845,0.496288001537323,0.40865182876586916,-0.7659646272659302,-1.4901162970204497e-8,0.8822872042655945,0.470711350440979,0.8681579828262329,-0.23360837996006013,0.43786853551864626],"v":[27.781051635742189,0.00006504801422124729,-15.881214141845704]},{"cf":[658.704833984375,7.827597141265869,-196.5940399169922,0.49628695845603945,2.1940159911082447e-8,-0.8681585192680359,-2.073648630585012e-8,1,1.341795563547521e-8,0.8681585192680359,1.1343401773444839e-8,0.49628695845603945],"t":0.362855600003968,"cam":[646.715087890625,17.229427337646486,-187.72427368164063,0.496288001537323,0.40865182876586916,-0.7659646272659302,-1.4901162970204497e-8,0.8822872042655945,0.470711350440979,0.8681579828262329,-0.23360837996006013,0.43786853551864626],"v":[27.781051635742189,0.00006504801422124729,-15.881214141845704]},{"cf":[658.9364013671875,7.827597141265869,-196.7263946533203,0.49628695845603945,2.9701761050660026e-8,-0.8681585192680359,-3.7080479131645919e-8,1,1.3015137412253353e-8,0.8681585192680359,2.5732493469377006e-8,0.49628695845603945],"t":0.3716712000023108,"cam":[646.9466552734375,17.229427337646486,-187.85662841796876,0.496288001537323,0.40865182876586916,-0.7659646272659302,-1.4901162970204497e-8,0.8822872042655945,0.470711350440979,0.8681579828262329,-0.23360837996006013,0.43786853551864626],"v":[27.781051635742189,0.0000650480214972049,-15.881214141845704]},{"cf":[659.16796875,7.827597141265869,-196.85874938964845,0.49628695845603945,3.746004750837528e-8,-0.8681585192680359,-5.341749087506287e-8,1,1.2612492383823337e-8,0.8681585192680359,4.011543452975275e-8,0.49628695845603945],"t":0.3829535999975633,"cam":[647.17822265625,17.229427337646486,-187.98898315429688,0.496288001537323,0.40865182876586916,-0.7659646272659302,-1.4901162970204497e-8,0.8822872042655945,0.470711350440979,0.8681579828262329,-0.23360837996006013,0.43786853551864626],"v":[27.781051635742189,0.00006504801422124729,-15.881214141845704]},{"cf":[659.3995361328125,7.827597141265869,-196.99110412597657,0.49628695845603945,4.521502106058506e-8,-0.8681585192680359,-6.974752153610098e-8,1,1.2210020550185164e-8,0.8681585192680359,5.4492232948177846e-8,0.49628695845603945],"t":0.3915474999957951,"cam":[647.4097900390625,17.229427337646486,-188.121337890625,0.496288001537323,0.40865182876586916,-0.7659646272659302,-1.4901162970204497e-8,0.8822872042655945,0.470711350440979,0.8681579828262329,-0.23360837996006013,0.43786853551864626],"v":[27.781051635742189,0.0000650480214972049,-15.881214141845704]},{"cf":[659.631103515625,7.827597141265869,-197.1234588623047,0.49628695845603945,5.296668348364619e-8,-0.8681585192680359,-8.60705782201876e-8,1,1.180772279951725e-8,0.8681585192680359,6.88628887246523e-8,0.49628695845603945],"t":0.40010490000713619,"cam":[647.641357421875,17.229427337646486,-188.25369262695313,0.496288001537323,0.40865182876586916,-0.7659646272659302,-1.4901162970204497e-8,0.8822872042655945,0.470711350440979,0.8681579828262329,-0.23360837996006013,0.43786853551864626],"v":[27.781051635742189,0.00006504801422124729,-15.881214141845704]},{"cf":[659.9784545898438,7.827597141265869,-197.32199096679688,0.49628695845603945,6.458796519837051e-8,-0.8681585192680359,-1.1054208925997955e-7,1,1.1204599026370943e-8,0.8681585192680359,9.040736159704466e-8,0.49628695845603945],"t":0.4134090000006836,"cam":[647.9887084960938,17.229427337646486,-188.4522247314453,0.496288001537323,0.40865182876586916,-0.7659646272659302,-1.4901162970204497e-8,0.8822872042655945,0.470711350440979,0.8681579828262329,-0.23360837996006013,0.43786853551864626],"v":[27.781051635742189,0.0000650480214972049,-15.881214141845704]},{"cf":[660.4415893554688,7.827597141265869,-197.58670043945313,0.49628695845603945,5.027825977776956e-8,-0.8681585192680359,-8.969118425738998e-8,1,6.641289296283048e-9,0.8681585192680359,7.457018114109815e-8,0.49628695845603945],"t":0.42703869999968449,"cam":[648.4518432617188,17.229427337646486,-188.71693420410157,0.496288001537323,0.40865182876586916,-0.7659646272659302,-1.4901162970204497e-8,0.8822872042655945,0.470711350440979,0.8681579828262329,-0.23360837996006013,0.43786853551864626],"v":[27.781051635742189,0.0000650480214972049,-15.881216049194336]},{"cf":[660.6731567382813,7.827597141265869,-197.71905517578126,0.49628695845603945,3.816352034391457e-8,-0.8681585192680359,-7.03651181765963e-8,1,3.734606401906149e-9,0.8681585192680359,5.923464030388459e-8,0.49628695845603945],"t":0.4378032999957213,"cam":[648.6834106445313,17.229427337646486,-188.8492889404297,0.496288001537323,0.40865182876586916,-0.7659646272659302,-1.4901162970204497e-8,0.8822872042655945,0.470711350440979,0.8681579828262329,-0.23360837996006013,0.43786853551864626],"v":[27.781051635742189,0.00006504802877316251,-15.881216049194336]},{"cf":[661.0205078125,7.827597141265869,-197.91758728027345,0.49628695845603945,2.0001110101475207e-8,-0.8681585192680359,-4.1391487570763277e-8,1,-6.230941318463579e-10,0.8681585192680359,3.624360545018135e-8,0.49628695845603945],"t":0.44929119999869729,"cam":[649.03076171875,17.229427337646486,-189.04782104492188,0.496288001537323,0.40865182876586916,-0.7659646272659302,-1.4901162970204497e-8,0.8822872042655945,0.470711350440979,0.8681579828262329,-0.23360837996006013,0.43786853551864626],"v":[27.781051635742189,0.00006504802877316251,-15.881216049194336]},{"cf":[661.2520751953125,7.827597141265869,-198.04994201660157,0.49628695845603945,7.899300769054208e-9,-0.8681585192680359,-2.2086043216518193e-8,1,-3.526676506382387e-9,0.8681585192680359,2.0924430188529187e-8,0.49628695845603945],"t":0.4581510999996681,"cam":[649.2623291015625,17.229427337646486,-189.18017578125,0.496288001537323,0.40865182876586916,-0.7659646272659302,-1.4901162970204497e-8,0.8822872042655945,0.470711350440979,0.8681579828262329,-0.23360837996006013,0.43786853551864626],"v":[27.781051635742189,0.00006504802877316251,-15.881216049194336]},{"cf":[661.5994262695313,7.827597141265869,-198.24847412109376,0.4962884187698364,-1.0243713433055746e-8,-0.868157684803009,6.856663681276132e-9,1,-7.879709329472462e-9,0.868157684803009,-2.0420567459211726e-9,0.4962884187698364],"t":0.46718190000683537,"cam":[649.6411743164063,17.297027587890626,-189.39669799804688,0.49628856778144839,0.4121476113796234,-0.7640889883041382,-1.4901161193847657e-8,0.8801270127296448,0.4747382402420044,0.8681576251983643,-0.23560714721679688,0.43679696321487429],"v":[27.781051635742189,0.00006504802877316251,-15.881216049194336]},{"cf":[661.8309936523438,7.827597141265869,-198.38082885742188,0.49628758430480959,-2.2332599769470108e-8,-0.8681581616401672,2.6141490749864716e-8,1,-1.0780180303981979e-8,0.8681581616401672,-1.7344879310599027e-8,0.49628758430480959],"t":0.47913680000056049,"cam":[649.8727416992188,17.29703140258789,-189.529052734375,0.49628856778144839,0.41214779019355776,-0.7640889286994934,1.4901161193847657e-8,0.880126953125,0.4747384190559387,0.8681576251983643,-0.23560726642608643,0.4367969334125519],"v":[27.781044006347658,0.0000650480214972049,-15.881231307983399]},{"cf":[662.0625610351563,7.827597141265869,-198.51318359375,0.4962901771068573,-3.441639506718275e-8,-0.8681566715240479,4.54180764108969e-8,1,-1.3679383847886584e-8,0.8681566715240479,-3.264106140932199e-8,0.4962901771068573],"t":0.4900764000049094,"cam":[650.1680908203125,17.431720733642579,-189.69784545898438,0.4962890148162842,0.41911327838897707,-0.7602903842926025,1.4901161193847657e-8,0.8757518529891968,0.48276183009147646,0.8681574463844299,-0.2395894080400467,0.4346259832382202],"v":[27.781044006347658,0.0000650480214972049,-15.881235122680664]},{"cf":[662.409912109375,7.827597141265869,-198.7117156982422,0.496288537979126,-5.253222568057936e-8,-0.8681576251983643,7.43175050388345e-8,1,-1.8025875903049383e-8,0.8681576251983643,-5.5573270429931657e-8,0.496288537979126],"t":0.49943619999976365,"cam":[650.5802612304688,17.565719604492189,-189.93345642089845,0.49628767371177676,0.4260435700416565,-0.7564294934272766,0,0.8713038563728333,0.49074414372444155,0.868158221244812,-0.24355027079582215,0.43241727352142336],"v":[27.781034469604493,0.0000650480214972049,-15.88125228881836]},{"cf":[662.6414794921875,7.827597141265869,-198.8440704345703,0.496288537979126,-6.460305712607806e-8,-0.8681576251983643,9.357349739502752e-8,1,-2.0922007237800245e-8,0.8681576251983643,-7.085318998178991e-8,0.496288537979126],"t":0.5085964000027161,"cam":[650.8777465820313,17.69904899597168,-190.10345458984376,0.496288925409317,0.43293848633766177,-0.7525034546852112,0,0.8667823076248169,0.49868661165237429,0.8681574463844299,-0.24749264121055604,0.43017444014549258],"v":[27.781055450439454,0.0000650480214972049,-15.88121509552002]},{"cf":[662.9888305664063,7.827597141265869,-199.0426025390625,0.49628958106040957,-7.086890008167757e-8,-0.8681570291519165,1.0472162870200919e-7,1,-2.1766391355981797e-8,0.8681570291519165,-8.01123860583175e-8,0.49628958106040957],"t":0.517016900004819,"cam":[651.22509765625,17.699058532714845,-190.30198669433595,0.49628961086273196,0.43293869495391848,-0.752502977848053,0,0.8667821288108826,0.49868708848953249,0.8681570291519165,-0.2474932223558426,0.43017497658729555],"v":[27.78104019165039,0.0000650480214972049,-15.881242752075196]},{"cf":[663.2203979492188,7.827597141265869,-199.17495727539063,0.49628958106040957,-5.9272803554222267e-8,-0.8681570291519165,8.852753552446302e-8,1,-1.7666748064470995e-8,0.8681570291519165,-6.808797792245969e-8,0.49628958106040957],"t":0.5331411999941338,"cam":[651.489990234375,17.765453338623048,-190.45339965820313,0.4962891638278961,0.4363726079463959,-0.7505171895027161,-1.4901162970204497e-8,0.8644945621490479,0.5026422739028931,0.8681573867797852,-0.24945589900016786,0.42903921008110049],"v":[27.78102684020996,0.00006504801422124729,-15.881263732910157]},{"cf":[663.6835327148438,7.827597141265869,-199.43966674804688,0.4962891638278961,-3.609544307892065e-8,-0.8681572675704956,5.616010767539592e-8,1,-9.472694628698264e-9,0.8681572675704956,-4.4054612402533169e-8,0.4962891638278961],"t":0.5488909999985481,"cam":[652.089111328125,18.029277801513673,-190.7958526611328,0.4962891638278961,0.4500165283679962,-0.7424164414405823,0,0.8551635146141052,0.5183582901954651,0.8681572675704956,-0.2572556138038635,0.4244084060192108],"v":[27.781024932861329,0.0000650480214972049,-15.881267547607422]},{"cf":[664.0308837890625,8.481796264648438,-199.63819885253907,0.49628958106040957,-1.8725449635326187e-8,-0.8681570291519165,3.190269026731585e-8,1,-3.331743547718702e-9,0.8681570291519165,-2.6043034395684118e-8,0.49628958106040957],"t":0.5575605000049109,"cam":[652.4711303710938,18.748987197875978,-191.01419067382813,0.49628928303718569,0.4534044563770294,-0.7403520941734314,0,0.8527857661247253,0.5222607254981995,0.8681572675704956,-0.25919240713119509,0.4232284426689148],"v":[27.781030654907228,51.51836013793945,-15.881258964538575]},{"cf":[664.4940185546875,9.30637264251709,-199.9029083251953,0.4962902367115021,4.417230137221395e-9,-0.8681566715240479,-4.1636624703578209e-10,1,4.850036372516797e-9,0.8681566715240479,-2.0455546145825567e-9,0.4962902367115021],"t":0.5808672999992268,"cam":[653.0043334960938,19.704030990600587,-191.31895446777345,0.49629032611846926,0.46015140414237978,-0.7361770868301392,0,0.847977340221405,0.5300326347351074,0.8681567311286926,-0.2630500793457031,0.42084285616874697],"v":[27.781030654907228,48.248355865478519,-15.881258010864258]},{"cf":[664.7255859375,9.698224067687989,-200.03526306152345,0.49628961086273196,1.5981168388634616e-8,-0.8681570291519165,-1.6565538274448955e-8,1,8.938319417950425e-9,0.8681570291519165,9.945492429608294e-9,0.49628961086273196],"t":0.5916161000059219,"cam":[653.2713623046875,20.16083526611328,-191.4715576171875,0.496290385723114,0.4635103940963745,-0.7340667247772217,0,0.8455464839935303,0.5339018106460571,0.8681566119194031,-0.2649703323841095,0.4196365773677826],"v":[27.7810115814209,46.61335372924805,-15.8812894821167]},{"cf":[665.3045043945313,10.618241310119629,-200.36614990234376,0.49629083275794985,4.486942728476606e-8,-0.8681563138961792,-5.690830562343763e-8,1,1.9151340069356594e-8,0.8681563138961792,3.990066943515558e-8,0.49629083275794985],"t":0.6003627000027336,"cam":[653.8502807617188,21.080852508544923,-191.8024444580078,0.496290385723114,0.46351051330566409,-0.7340666651725769,0,0.8455464243888855,0.5339019298553467,0.8681566715240479,-0.2649703919887543,0.4196365177631378],"v":[27.7810115814209,42.525848388671878,-15.881292343139649]},{"cf":[665.5360717773438,10.96240520477295,-200.49850463867188,0.49629083275794985,5.6416084248667178e-8,-0.8681563138961792,-7.303334825792263e-8,1,2.323349335142666e-8,0.8681563138961792,5.1873794149059907e-8,0.49629083275794985],"t":0.6097923000052106,"cam":[654.0818481445313,21.425018310546876,-191.93479919433595,0.4962903559207916,0.46351057291030886,-0.7340666651725769,1.4901159417490817e-8,0.845546305179596,0.5339020490646362,0.8681565523147583,-0.26497045159339907,0.4196365177631378],"v":[27.7810115814209,40.890846252441409,-15.881291389465332]},{"cf":[665.7676391601563,11.292943000793457,-200.630859375,0.49629083275794985,6.795781359869579e-8,-0.8681563138961792,-8.915150573329811e-8,1,2.7313904027437276e-8,0.8681563138961792,6.384180295526676e-8,0.49629083275794985],"t":0.6203404999978375,"cam":[654.3134155273438,21.755558013916017,-192.06715393066407,0.496290385723114,0.4635106325149536,-0.7340666055679321,0,0.845546305179596,0.533902108669281,0.8681566119194031,-0.26497048139572146,0.41963648796081545],"v":[27.7810115814209,39.25584411621094,-15.881291389465332]},{"cf":[666.114990234375,11.763203620910645,-200.8293914794922,0.49629083275794985,8.526116346274648e-8,-0.8681563138961792,-1.1331583493756625e-7,1,3.343125243304712e-8,0.8681563138961792,8.17842291667148e-8,0.49629083275794985],"t":0.6293281999969622,"cam":[654.6607666015625,22.225818634033204,-192.26568603515626,0.496290385723114,0.4635106325149536,-0.7340666055679321,0,0.845546305179596,0.533902108669281,0.8681566119194031,-0.26497048139572146,0.41963648796081545],"v":[27.7810115814209,36.803340911865237,-15.881291389465332]},{"cf":[666.3465576171875,12.059679985046387,-200.9617462158203,0.49629083275794985,9.679056489630966e-8,-0.8681563138961792,-1.2941677596245428e-7,1,3.750730570573069e-8,0.8681563138961792,9.373946596724636e-8,0.49629083275794985],"t":0.6378145000053337,"cam":[654.927978515625,22.587066650390626,-192.41842651367188,0.4962908625602722,0.4668603241443634,-0.7319404482841492,0,0.8430975675582886,0.5377606153488159,0.8681564331054688,-0.2668856680393219,0.41842153668403628],"v":[27.7810115814209,35.168338775634769,-15.881291389465332]},{"cf":[666.578125,12.342530250549317,-201.09410095214845,0.4962921440601349,1.0831518437726118e-7,-0.8681555986404419,-1.4551083893366013e-7,1,4.158159683242957e-8,0.8681555986404419,1.0568943054067859e-7,0.4962921440601349],"t":0.6463279000017792,"cam":[655.1596069335938,22.86992645263672,-192.55078125,0.49629154801368716,0.46686047315597536,-0.7319399118423462,-1.4901159417490817e-8,0.8430973291397095,0.5377610921859741,0.8681558966636658,-0.26688629388809206,0.41842207312583926],"v":[27.781003952026368,33.5333366394043,-15.881303787231446]},{"cf":[666.6939086914063,12.478846549987793,-201.1602783203125,0.4962921142578125,1.1407557565235038e-7,-0.8681555986404419,-1.5355529114913225e-7,1,4.361809402553263e-8,0.8681555986404419,1.1166257252170908e-7,0.4962921142578125],"t":0.6553049000067404,"cam":[655.311279296875,23.070816040039064,-192.6374969482422,0.4962913990020752,0.4702000617980957,-0.7297990918159485,1.4901162970204497e-8,0.8406313061714172,0.5416077375411987,0.8681560754776001,-0.2687952518463135,0.4171980321407318],"v":[27.78099250793457,32.71583557128906,-15.881319046020508]},{"cf":[667.041259765625,12.86735725402832,-201.3588104248047,0.49629098176956179,1.0574802900009672e-7,-0.8681562542915344,-1.4292456285147637e-7,1,4.010322030012503e-8,0.8681562542915344,1.0417798534945178e-7,0.49629098176956179],"t":0.6657552999968175,"cam":[655.69482421875,23.52371597290039,-192.85671997070313,0.49629151821136477,0.4735299348831177,-0.727642834186554,-1.4901162970204497e-8,0.8381476402282715,0.5454433560371399,0.8681560158729553,-0.2706989049911499,0.41596555709838869],"v":[27.780990600585939,30.263338088989259,-15.881325721740723]},{"cf":[667.3886108398438,13.225211143493653,-201.55734252929688,0.49629098176956179,8.462947675980104e-8,-0.8681562542915344,-1.1492931406564822e-7,1,3.178125140834709e-8,0.8681562542915344,8.400385098639163e-8,0.49629098176956179],"t":0.6769281000015326,"cam":[656.0421752929688,23.881572723388673,-193.0552520751953,0.49629151821136477,0.4735300540924072,-0.7276427745819092,0,0.8381475806236267,0.5454435348510742,0.8681559562683106,-0.27069899439811709,0.4159654974937439],"v":[27.780990600585939,27.810840606689454,-15.881328582763672]},{"cf":[667.7359619140625,13.552409172058106,-201.75587463378907,0.49629098176956179,6.352444614776687e-8,-0.8681562542915344,-8.695199937847065e-8,1,2.3464611587087348e-8,0.8681562542915344,6.384264850112231e-8,0.49629098176956179],"t":0.689229499999783,"cam":[656.3895263671875,24.208770751953126,-193.2537841796875,0.49629151821136477,0.4735300540924072,-0.7276427745819092,0,0.8381475806236267,0.5454435348510742,0.8681559562683106,-0.27069899439811709,0.4159654974937439],"v":[27.780990600585939,25.35834312438965,-15.881327629089356]},{"cf":[667.967529296875,13.753510475158692,-201.8882293701172,0.49629098176956179,4.946192788679582e-8,-0.8681562542915344,-6.831041332588939e-8,1,1.792314030524267e-8,0.8681562542915344,5.0409020957431497e-8,0.49629098176956179],"t":0.6990826999972342,"cam":[656.62109375,24.409873962402345,-193.38613891601563,0.49629148840904238,0.4735301434993744,-0.7276427745819092,-1.4901161193847657e-8,0.8381475806236267,0.5454436540603638,0.8681559562683106,-0.27069905400276186,0.4159654974937439],"v":[27.780990600585939,23.723344802856447,-15.881327629089356]},{"cf":[668.3148803710938,14.029614448547364,-202.08676147460938,0.49629098176956179,2.8379414374057889e-8,-0.8681562542915344,-4.036296630260949e-8,1,9.615362728254695e-9,0.8681562542915344,3.0269340811628356e-8,0.49629098176956179],"t":0.7090048999962164,"cam":[656.9684448242188,24.685977935791017,-193.5846710205078,0.49629148840904238,0.4735301434993744,-0.7276427745819092,-1.4901161193847657e-8,0.8381475806236267,0.5454436540603638,0.8681559562683106,-0.27069905400276186,0.4159654974937439],"v":[27.780990600585939,21.27084732055664,-15.881327629089356]},{"cf":[668.6622314453125,14.275062561035157,-202.28529357910157,0.49629098176956179,7.3103989528533479e-9,-0.8681562542915344,-1.2433416962664979e-8,1,1.312904118755398e-9,0.8681562542915344,1.0142565898263456e-8,0.49629098176956179],"t":0.7210433000000194,"cam":[657.3157958984375,24.931425094604493,-193.783203125,0.49629145860671999,0.4735301434993744,-0.7276427149772644,0,0.8381474614143372,0.5454436540603638,0.8681559562683106,-0.27069902420043948,0.4159654676914215],"v":[27.780990600585939,18.818349838256837,-15.881327629089356]},{"cf":[668.893798828125,14.421663284301758,-202.4176483154297,0.49629098176956179,-6.7281149540576738e-9,-0.8681562542915344,6.176339883978699e-9,1,-4.219117499815184e-9,0.8681562542915344,-3.2681182204896688e-9,0.49629098176956179],"t":0.7296572000050219,"cam":[657.54736328125,25.078025817871095,-193.91555786132813,0.49629148840904238,0.473530113697052,-0.7276427745819092,1.4901161193847657e-8,0.8381475806236267,0.545443594455719,0.8681559562683106,-0.27069902420043948,0.4159654974937439],"v":[27.780990600585939,17.183351516723634,-15.881327629089356]},{"cf":[669.1253662109375,14.554638862609864,-202.5500030517578,0.49629098176956179,-2.0760635877081769e-8,-0.8681562542915344,2.477814753376606e-8,1,-9.74877956139153e-9,0.8681562542915344,-1.6673071812078889e-8,0.49629098176956179],"t":0.7417644999950426,"cam":[657.8153686523438,25.275184631347658,-194.06875610351563,0.49629104137420657,0.47684967517852785,-0.7254720330238342,0,0.8356469869613648,0.549267053604126,0.8681563138961792,-0.2725963294506073,0.4147240221500397],"v":[27.780990600585939,15.548352241516114,-15.881327629089356]},{"cf":[669.4727172851563,14.728555679321289,-202.74853515625,0.5013627409934998,-4.199346648192659e-8,-0.8652372360229492,5.268244507306008e-8,1,-1.8007145996534747e-8,0.8652372360229492,-3.6554698823465517e-8,0.5013627409934998],"t":0.7553040000057081,"cam":[658.28662109375,25.576904296875,-194.2428741455078,0.5014334917068481,0.48181071877479555,-0.7186257243156433,1.4901161193847657e-8,0.8305928111076355,0.5568802952766419,0.8651962280273438,-0.27923843264579775,0.41648703813552859],"v":[27.780996322631837,13.09585189819336,-15.881318092346192]},{"cf":[669.8189697265625,14.871816635131836,-202.94871520996095,0.5064734220504761,-6.348433601033321e-8,-0.8622555732727051,8.062927747687354e-8,1,-2.6265707830930297e-8,0.8622555732727051,-5.6220159194708688e-8,0.5064734220504761],"t":0.7659205999952974,"cam":[658.7205200195313,25.78378677368164,-194.39852905273438,0.5065591335296631,0.4834127426147461,-0.7139398455619812,0,0.828039288520813,0.5606701970100403,0.8622051477432251,-0.2840126156806946,0.41945087909698489],"v":[27.691268920898439,10.643351554870606,-16.037200927734376]},{"cf":[670.163818359375,14.984420776367188,-203.1513671875,0.5116090774536133,-8.534210138577692e-8,-0.8592183589935303,1.0864861366144396e-7,1,-3.463203768205858e-8,0.8592183589935303,-7.563482284922429e-8,0.5116090774536133],"t":0.7773090999980923,"cam":[659.2417602539063,26.02301025390625,-194.51483154296876,0.5167553424835205,0.4864659309387207,-0.7044961452484131,0,0.8228815793991089,0.5682129263877869,0.8561331629753113,-0.2936270534992218,0.42522841691970827],"v":[27.535457611083986,8.190851211547852,-16.302928924560548]},{"cf":[670.3930053710938,15.042459487915039,-203.28765869140626,0.516520082950592,-1.0038579745241805e-7,-0.8562750816345215,1.2738421162339365e-7,1,-4.039507217612481e-8,0.8562750816345215,-8.821105978995547e-8,0.516520082950592],"t":0.7947417999967001,"cam":[659.7007446289063,26.206886291503908,-194.50473022460938,0.5319136381149292,0.4875096082687378,-0.6923888921737671,2.9802322387695315e-8,0.8176547288894653,0.5757089853286743,0.8467986583709717,-0.30622750520706179,0.43492162227630618],"v":[27.499740600585939,6.555850982666016,-16.363420486450197]},{"cf":[670.9622192382813,15.127945899963379,-203.63473510742188,0.5317674279212952,-1.071624140536187e-7,-0.846890389919281,1.2532441928669869e-7,1,-4.7844398665120028e-8,0.846890389919281,-8.069395818210978e-8,0.5317674279212952],"t":0.8047322000056738,"cam":[660.3074951171875,26.35500144958496,-194.8753662109375,0.5319142937660217,0.4906685948371887,-0.690153181552887,-1.4901161193847657e-8,0.8150149583816528,0.5794398188591003,0.8467981815338135,-0.3082123100757599,0.4335181415081024],"v":[27.14031982421875,2.468350410461426,-16.