{"createdAt":1773413500,"version":3,"frames":[{"cf":[212.0326690673828,7.70596981048584,602.2639770507813,0.9999998807907105,-1.1682630557396934e-11,-0.0005179321742616594,-3.470422907381199e-11,1,-8.95616381058062e-8,0.0005179321742616594,8.956164521123356e-8,0.9999998807907105],"t":0.0021162000002732386,"cam":[202.50108337402345,21.242210388183595,607.1928100585938,0.4593275189399719,0.6630322933197022,-0.591106116771698,0,0.6654599905014038,0.7464334964752197,0.8882670402526856,-0.3428574502468109,0.3056640625],"v":[-4.842414316752475e-11,0.00002605346162454225,3.9534148754682976e-7]},{"cf":[212.03269958496095,7.70596981048584,602.2638549804688,0.42868173122406008,-0.0000010071430551761296,-0.9034555554389954,-3.0564660136178648e-8,1,-0.0000011292703447907116,0.9034555554389954,5.117113914820948e-7,0.42868173122406008],"t":0.814437199999702,"cam":[203.304931640625,21.242210388183595,608.7471313476563,0.4593275189399719,0.6630322933197022,-0.591106116771698,0,0.6654599905014038,0.7464334964752197,0.8882670402526856,-0.3428574502468109,0.3056640625],"v":[-0.0021343568805605175,0.000026386305762571284,0.012765588238835335]},{"cf":[212.0326690673828,7.70596981048584,602.263916015625,0.47251737117767336,-0.0000016299385379170417,-0.881321370601654,-1.1604273097987062e-8,1,-0.0000018556474969955162,0.881321370601654,8.870528063198435e-7,0.47251737117767336],"t":0.8256996999998592,"cam":[203.46124267578126,21.242206573486329,608.9525756835938,0.48028141260147097,0.6547074317932129,-0.5836848020553589,1.4901162970204497e-8,0.6654602885246277,0.7464332580566406,0.8771145343780518,-0.3584980070590973,0.3196081519126892],"v":[-0.0012205247767269612,0.000026594329028739595,0.009480013512074948]},{"cf":[212.0326690673828,7.70596981048584,602.2638549804688,0.49065661430358889,-0.0000011077552244387335,-0.871353030204773,-1.4838451578569334e-9,1,-0.0000012721402526949533,0.871353030204773,6.25476957338833e-7,0.49065661430358889],"t":0.834642800000438,"cam":[203.62240600585938,21.242212295532228,609.154052734375,0.5009637475013733,0.6460146903991699,-0.5759344100952148,0,0.665459930896759,0.7464336156845093,0.8654683828353882,-0.37393617630004885,0.33337122201919558],"v":[-0.00041371287079527974,0.000025998599085141906,0.00372142530977726]},{"cf":[212.0326690673828,7.70596981048584,602.2638549804688,0.505533754825592,-1.5285520760244254e-7,-0.8628068566322327,-4.7336623509863788e-9,1,-1.799339344188411e-7,0.8628068566322327,9.504690723360909e-8,0.505533754825592],"t":0.8495167000000947,"cam":[203.8730010986328,21.24222183227539,609.4490356445313,0.5314518213272095,0.6322957873344421,-0.5637028813362122,0,0.6654592752456665,0.7464341521263123,0.8470885157585144,-0.39669379591941836,0.3536595404148102],"v":[-0.000026378960683359766,0.000025656147045083345,0.0004550791345536709]},{"cf":[212.0326690673828,7.70596981048584,602.2638549804688,0.5563156008720398,3.926988867419823e-8,-0.8309711217880249,-1.1287482060140519e-8,1,3.970112061324471e-8,0.8309711217880249,-1.2706781404858703e-8,0.5563156008720398],"t":0.8593964000001506,"cam":[204.1331787109375,21.19306182861328,609.812744140625,0.5661705732345581,0.6127639412879944,-0.5513359308242798,2.9802322387695315e-8,0.6688631772994995,0.7433856129646301,0.8242881298065186,-0.42088308930397036,0.37869060039520266],"v":[0.000002780917384370696,0.000025816954803303817,0.0001534713665023446]},{"cf":[212.0326690673828,7.70596981048584,602.2638549804688,0.5903635025024414,8.734147627365019e-8,-0.8071374893188477,-1.1775994401830303e-8,1,9.959809688098176e-8,0.8071374893188477,-4.929423624844276e-8,0.5903635025024414],"t":0.8696999000003416,"cam":[204.5947723388672,21.193069458007814,610.2679443359375,0.6140580177307129,0.5867254734039307,-0.5279070734977722,0,0.6688625812530518,0.7433859705924988,0.7892608642578125,-0.4564821124076843,0.41072046756744387],"v":[0.000003865499365929281,0.00002589975883893203,0.00005175257319933735]},{"cf":[212.0326690673828,7.70596981048584,602.2638549804688,0.6417635679244995,7.445686378559913e-8,-0.7669025659561157,-7.715080130310526e-9,1,9.063160177902319e-8,0.7669025659561157,-5.224734422881738e-8,0.6417635679244995],"t":0.8812140999998519,"cam":[204.99136352539063,21.143646240234376,610.689453125,0.655316948890686,0.5592045783996582,-0.5077893733978272,0,0.6722534894943237,0.7403210997581482,0.755354106426239,-0.4851449728012085,0.44053909182548525],"v":[6.440841389121488e-7,0.00002598388346086722,0.000010686727364372928]},{"cf":[212.0326690673828,7.70596981048584,602.2638549804688,0.6597872972488403,6.366811788893756e-8,-0.7514524459838867,-3.2713289854768847e-9,1,8.185445921071732e-8,0.7514524459838867,-5.1548283863667169e-8,0.6597872972488403],"t":0.8903910999997606,"cam":[205.39913940429688,21.14365005493164,611.0140380859375,0.6904241442680359,0.5355520844459534,-0.4863111972808838,-1.4901162970204497e-8,0.6722532510757446,0.7403213381767273,0.7234048843383789,-0.5111356973648071,0.46413981914520266],"v":[-4.36755129840094e-8,0.000025983901650761255,0.0000022007773168297719]},{"cf":[212.0326690673828,7.70596981048584,602.2638549804688,0.72397381067276,5.251875023759567e-8,-0.6898275017738342,9.17668857569609e-11,1,7.622947606478192e-8,0.6898275017738342,-5.525144430862383e-8,0.72397381067276],"t":0.9010277999996106,"cam":[205.7843017578125,21.094013214111329,611.3583984375,0.7239739298820496,0.5085703730583191,-0.4660664498806,0,0.6756277084350586,0.7372429370880127,0.6898273825645447,-0.5337446928024292,0.48913681507110598],"v":[-1.331899568413064e-7,0.000025983947125496344,7.860305686335778e-7]},{"cf":[212.0326690673828,7.70596981048584,602.2638549804688,0.7519962191581726,4.3866627663646798e-8,-0.6591674089431763,3.683993998748747e-9,1,7.075134078604606e-8,0.6591674089431763,-5.563310878642369e-8,0.7519962191581726],"t":0.9105756999997539,"cam":[206.18743896484376,21.044103622436525,611.6856079101563,0.7558944225311279,0.4806419312953949,-0.4445301294326782,0,0.6789896488189697,0.734147846698761,0.6546936631202698,-0.5549382567405701,0.5132443904876709],"v":[-1.975351437977224e-7,0.000025983952582464555,3.073796506214421e-7]},{"cf":[212.0326690673828,7.70596981048584,602.2638549804688,0.7712194323539734,3.587106789382233e-8,-0.6365693807601929,7.48371942194126e-9,1,6.54173106795497e-8,0.6365693807601929,-5.5215007677134056e-8,0.7712194323539734],"t":0.9197630999997273,"cam":[206.66561889648438,20.993967056274415,612.02685546875,0.7897645831108093,0.44842639565467837,-0.41855186223983767,0,0.6823360919952393,0.7310385704040527,0.6134100556373596,-0.5773483514785767,0.5388848781585693],"v":[-2.2727675741407439e-7,0.000025983954401453958,1.454975517845014e-7]},{"cf":[212.0326690673828,7.70596981048584,602.2638549804688,0.8110988736152649,2.273013244291633e-8,-0.5849090814590454,1.3629097850298422e-8,1,5.77605625551314e-8,0.5849090814590454,-5.48213101581041e-8,0.8110988736152649],"t":0.9304344000001947,"cam":[207.22364807128907,20.943561553955079,612.372314453125,0.8247534036636353,0.41162925958633425,-0.3877412676811218,-1.4901162970204497e-8,0.6856699585914612,0.7279126048088074,0.5654926896095276,-0.6003484129905701,0.5655085444450378],"v":[-2.418400697479228e-7,0.00002598393984953873,7.906378129973746e-8]},{"cf":[212.0326690673828,7.70596981048584,602.2638549804688,0.8411665558815002,1.0298574437683783e-8,-0.5407761931419373,2.0213770213217687e-8,1,5.0486175240394007e-8,0.5407761931419373,-5.339840569718035e-8,0.8411665558815002],"t":0.9437310000002981,"cam":[207.8932647705078,20.94355010986328,612.6644897460938,0.8598842024803162,0.371591180562973,-0.3500273823738098,0,0.6856705546379089,0.7279120087623596,0.5104891657829285,-0.6259200572967529,0.5895972847938538],"v":[-2.454563343690097e-7,0.00002598391438368708,6.607469771324759e-8]},{"cf":[212.0326690673828,7.70596981048584,602.2638549804688,0.8775105476379395,-2.987918801267142e-9,-0.4795573949813843,2.728110004568407e-8,1,4.368931527665154e-8,0.4795573949813843,-5.1420688151893049e-8,0.8775105476379395],"t":0.956057299999884,"cam":[208.36639404296876,20.89291763305664,612.8964233398438,0.8831403255462647,0.33999696373939516,-0.32321083545684817,1.4901161193847657e-8,0.6889889240264893,0.7247719168663025,0.469108909368515,-0.6400753259658814,0.6084738969802856],"v":[-2.461885628690652e-7,0.000025983861632994377,6.35119548064722e-8]},{"cf":[212.0326690673828,7.70596981048584,602.2638549804688,0.8992793560028076,-1.4884768084755251e-8,-0.43737471103668215,3.467093634412777e-8,1,3.725430275380859e-8,0.43737471103668215,-4.8666215946013838e-8,0.8992793560028076],"t":0.9708381000000372,"cam":[209.1542205810547,20.79088592529297,613.244873046875,0.9166669845581055,0.287127822637558,-0.27799174189567568,0,0.6955844163894653,0.7184443473815918,0.3996521532535553,-0.6585742235183716,0.637619137763977],"v":[-2.462425925386924e-7,0.00002598381252028048,6.298584764863335e-8]},{"cf":[212.0326690673828,7.70596981048584,602.2638549804688,0.9213458299636841,-2.6931505914262744e-8,-0.38874396681785586,4.242527396058904e-8,1,3.127210490561083e-8,0.38874396681785586,-4.5304989981787e-8,0.9213458299636841],"t":0.9797289999996792,"cam":[209.5936279296875,20.73949432373047,613.4041748046875,0.9324730634689331,0.258379191160202,-0.25245627760887148,0,0.6988612413406372,0.7152572870254517,0.361239492893219,-0.6669581532478333,0.6516692638397217],"v":[-2.461318331370421e-7,0.000025983747036661954,6.285149112272848e-8]},{"cf":[212.0326690673828,7.70596981048584,602.2638549804688,0.944740891456604,-3.612160881516502e-8,-0.32781800627708437,4.7804029179587818e-8,1,2.7578757055835014e-8,0.32781800627708437,-4.172580148065208e-8,0.944740891456604],"t":0.9896098999997776,"cam":[210.19180297851563,20.739484786987306,613.5185546875,0.9504269361495972,0.2224075347185135,-0.21730957925319673,0,0.6988617777824402,0.7152567505836487,0.31094783544540408,-0.6797992587089539,0.6642171144485474],"v":[-2.4603500037301276e-7,0.00002598365244921297,6.280963305016485e-8]},{"cf":[212.0326690673828,7.70596981048584,602.2638549804688,0.9625197649002075,-4.7961005833485618e-8,-0.2712115943431854,5.6172147822053378e-8,1,2.2513040320859546e-8,0.2712115943431854,-3.690378491683077e-8,0.9625197649002075],"t":1.003418000000238,"cam":[211.10784912109376,20.636030197143556,613.7344970703125,0.972952127456665,0.16374735534191132,-0.16294515132904054,-7.450580596923828e-9,0.7053685188293457,0.7088409662246704,0.2310071885585785,-0.6896682977676392,0.6862896680831909],"v":[-2.458810115513188e-7,0.000025983546947827564,6.276337671806687e-8]},{"cf":[212.0326690673828,7.70596981048584,602.2638549804688,0.9769102931022644,-5.951397241688028e-8,-0.21364982426166535,6.486610004685645e-8,1,1.8040696048160499e-8,0.21364982426166535,-3.1482773721336346e-8,0.9769102931022644],"t":1.015164200000072,"cam":[211.84933471679688,20.58393096923828,613.8218383789063,0.9859485626220703,0.11787176877260208,-0.11837131530046463,0,0.7086004018783569,0.7056099772453308,0.16704946756362916,-0.695695161819458,0.6986435055732727],"v":[-2.4572426582381015e-7,0.000025983430532505737,6.272203734170034e-8]},{"cf":[212.0326690673828,7.70596981048584,602.2638549804688,0.9859485030174255,-6.725315415678779e-8,-0.16704946756362916,7.08204623833808e-8,1,1.5397677799455779e-8,0.16704946756362916,-2.701183987596778e-8,0.9859485030174255],"t":1.0237511000004816,"cam":[212.18516540527345,20.531612396240236,613.87353515625,0.9904704093933106,0.09673413634300232,-0.0980357825756073,-7.450580596923828e-9,0.7118166089057922,0.7023654580116272,0.13772620260715486,-0.6956722140312195,0.7050331830978394],"v":[-2.456194465594308e-7,0.000025983326850109735,6.269506513945089e-8]},{"cf":[212.0326690673828,7.70596981048584,602.2638549804688,0.9934601783752441,-7.803268431416655e-8,-0.1141793504357338,7.990364991883325e-8,1,1.1809547117991315e-8,0.1141793504357338,-2.0855660309848646e-8,0.9934601783752441],"t":1.035021599999709,"cam":[212.73126220703126,20.479042053222658,613.9046630859375,0.9958903789520264,0.06331654638051987,-0.06475779414176941,3.725290742551124e-9,0.7150188088417053,0.6991052627563477,0.09056796878576279,-0.6962321996688843,0.7120802402496338],"v":[-2.4546199028918638e-7,0.000025983197701862083,6.265480578804272e-8]},{"cf":[212.0326690673828,7.70596981048584,602.2638549804688,0.9964101910591126,-8.49176942097074e-8,-0.08465627580881119,8.604382628618623e-8,1,9.65382174200613e-9,0.08465627580881119,-1.690331608017459e-8,0.9964101910591126],"t":1.0434404999996332,"cam":[213.0731658935547,20.426246643066408,613.9301147460938,0.9981387853622437,0.04243416711688042,-0.04379864037036896,0,0.7182055711746216,0.6958311200141907,0.06098342686891556,-0.694536030292511,0.7168688178062439],"v":[-2.4535711418138819e-7,0.000025983121304307134,6.262801122147721e-8]},{"cf":[212.0326690673828,7.70596981048584,602.2638549804688,0.9995085597038269,-9.510684151337046e-8,-0.031346146017313007,9.536621803363232e-8,1,6.779544481361199e-9,0.031346146017313007,-9.765576791664899e-9,0.9995085597038269],"t":1.0549725000000763,"cam":[213.4171905517578,20.37323760986328,613.9451904296875,0.9995086193084717,0.021708574146032335,-0.022612350061535836,0,0.7213758826255798,0.6925437450408936,0.031346142292022708,-0.6922034621238709,0.7210213541984558],"v":[-2.4519997054994749e-7,0.000025982977604144254,6.25878939786162e-8]},{"cf":[212.0326690673828,7.70596981048584,602.2638549804688,0.9999480843544006,-1.0169296871254119e-7,0.010187242180109024,1.0164622921138289e-7,1,5.1055644156861039e-9,-0.010187242180109024,-4.069804493411766e-9,0.9999480843544006],"t":1.0635700000002544,"cam":[213.90159606933595,20.319961547851564,613.9285278320313,0.9999481439590454,-0.00702145230025053,0.007380994036793709,0,0.7245333194732666,0.6892398595809937,-0.010187240317463875,-0.6892040967941284,0.7244956493377686],"v":[-2.4509515128556816e-7,0.000025982859369833024,6.256113493918747e-8]},{"cf":[212.0326690673828,7.70596981048584,602.2638549804688,0.9989517331123352,-1.111858409785782e-7,0.04577609524130821,1.1116426179569317e-7,1,3.017148753059473e-9,-0.04577609524130821,2.074679539276758e-9,0.9989517331123352],"t":1.077610299999833,"cam":[214.38961791992188,20.212730407714845,613.9418334960938,0.998662531375885,-0.03529224172234535,0.037784963846206668,-1.862645371275562e-9,0.7308017015457153,0.6825897693634033,-0.05170344561338425,-0.6816768050193787,0.7298242449760437],"v":[-2.4493803607583688e-7,0.000025982752049458214,6.252101769632645e-8]},{"cf":[212.0326690673828,7.70596981048584,602.2638549804688,0.9961890578269959,-1.204101920393441e-7,0.08722037822008133,1.207546489467859e-7,1,1.326876830631818e-9,-0.08722037822008133,9.210445739427087e-9,0.9961890578269959],"t":1.0869904000001043,"cam":[215.08912658691407,20.104585647583009,613.8809204101563,0.9938383102416992,-0.07491453737020493,0.08168966323137284,3.725290298461914e-9,0.7370086312294006,0.6758831739425659,-0.11083947867155075,-0.6717185974121094,0.7324674725532532],"v":[-2.4478114823978105e-7,0.00002598262290121056,6.248095019145694e-8]},{"cf":[212.0326690673828,7.70596981048584,602.2638549804688,0.990927517414093,-1.2612058242211789e-7,0.13439753651618958,1.2719901576474514e-7,1,5.62383473123873e-10,-0.13439753651618958,1.6537955005446748e-8,0.990927517414093],"t":1.0977555999998004,"cam":[215.7130584716797,20.050174713134767,613.7501831054688,0.986504316329956,-0.11011353135108948,0.12117882817983628,-7.450580596923828e-9,0.7400891184806824,0.6725088357925415,-0.16373544931411744,-0.6634328961372376,0.7301010489463806],"v":[-2.446765279273677e-7,0.000025982470106100665,6.245424799544708e-8]},{"cf":[212.0326690673828,7.70596981048584,602.2638549804688,0.9812127947807312,-1.1705549951557259e-7,0.19292861223220826,1.1930933396797628e-7,1,-6.395196872066578e-11,-0.19292861223220826,2.3080934496988449e-8,0.9812127947807312],"t":1.1094560999999886,"cam":[216.34226989746095,19.940662384033204,613.6336059570313,0.9763574600219727,-0.1439032256603241,0.1613014191389084,7.450581485102248e-9,0.746204137802124,0.665717363357544,-0.21616265177726746,-0.6499781012535095,0.7285618185997009],"v":[-2.4452015168208165e-7,0.00002598227911221329,6.241430128284265e-8]},{"cf":[212.0326690673828,7.70596981048584,602.2638549804688,0.9709519147872925,-8.768920878310382e-8,0.23927472531795503,9.063486317018033e-8,1,-1.3076391081057182e-9,-0.23927472531795503,2.2956285761210894e-8,0.9709519147872925],"t":1.1178511999996773,"cam":[216.68968200683595,19.885543823242189,613.5482177734375,0.9695149660110474,-0.16228464245796204,0.18358784914016725,-7.450581485102248e-9,0.7492395043373108,0.6622990965843201,-0.24503225088119508,-0.6421088576316834,0.7263988852500916],"v":[9.087599437407334e-7,0.000025983066734625028,-1.690939797072133e-7]},{"cf":[212.0326690673828,7.70596981048584,602.2638549804688,0.9649993777275086,-5.8975043515374639e-8,0.2622520923614502,6.201516100645677e-8,1,-3.315710594975485e-9,-0.2622520923614502,1.9463264777641599e-8,0.9649993777275086],"t":1.1280743999996049,"cam":[217.2340850830078,19.830223083496095,613.361083984375,0.9567946195602417,-0.19157563149929048,0.21873004734516145,1.4901161193847657e-8,0.7522581815719605,0.6588684320449829,-0.29076460003852847,-0.6304017901420593,0.7197566032409668],"v":[0.000001070537564373808,0.000025983470550272615,-2.015739397620564e-7]},{"cf":[211.9920196533203,7.70596981048584,602.1273193359375,0.9532764554023743,-1.5879779269312168e-8,0.3020993769168854,1.9293761255312348e-8,1,-8.316832555976817e-9,-0.3020993769168854,1.375687386229174e-8,0.9532764554023743],"t":1.1394977999998446,"cam":[217.52035522460938,19.830215454101564,613.0653686523438,0.9477475881576538,-0.21019285917282105,0.23998650908470155,0,0.7522587180137634,0.6588678956031799,-0.3190212547779083,-0.6244404315948486,0.7129513621330261],"v":[-4.365417957305908,0.000025984189051087016,-14.055593490600586]},{"cf":[211.93080139160157,7.70596981048584,601.9401245117188,0.9399089813232422,2.683025535077377e-8,0.3414251506328583,-2.32192167715084e-8,1,-1.4662963288003539e-8,-0.3414251506328583,5.854225992862894e-9,0.9399089813232422],"t":1.150618100000429,"cam":[217.7337188720703,19.77466583251953,612.7894287109375,0.9399089813232422,-0.2237778902053833,0.25786542892456057,0,0.7552619576454163,0.6554229855537415,-0.3414251506328583,-0.6160379648208618,0.7098774909973145],"v":[-5.097761631011963,0.000025984922103816645,-15.094188690185547]},{"cf":[211.8860626220703,7.70596981048584,601.814697265625,0.9336825013160706,5.502673872115338e-8,0.3581019937992096,-5.1442874848817158e-8,1,-1.9534732942361189e-8,-0.3581019937992096,-1.82558773653696e-10,0.9336825013160706],"t":1.1594747999997708,"cam":[217.96237182617188,19.71887969970703,612.568115234375,0.9315412044525147,-0.23707734048366548,0.27572712302207949,-1.4901161193847657e-8,0.7582504749298096,0.651963472366333,-0.36363595724105837,-0.607330858707428,0.7063414454460144],"v":[-5.411467552185059,0.000025985240426962265,-15.046368598937989]},{"cf":[211.83877563476563,7.70596981048584,601.6900634765625,0.9293667078018189,8.313870125675749e-8,0.3691578805446625,-7.956432312994366e-8,1,-2.4906054107987076e-8,-0.3691578805446625,-6.22493967483706e-9,0.9293667078018189],"t":1.1682671999997183,"cam":[218.04226684570313,19.71888542175293,612.37060546875,0.9271597862243652,-0.24426881968975068,0.28409072756767275,0,0.7582501173019409,0.6519637703895569,-0.3746662437915802,-0.6044746041297913,0.7030190229415894],"v":[-5.740228652954102,0.000025985455067711883,-14.932616233825684]},{"cf":[211.7896728515625,7.70596981048584,601.5661010742188,0.9249200224876404,9.350458185508615e-8,0.3801617920398712,-9.039398918275765e-8,1,-2.6034628675120076e-8,-0.3801617920398712,-1.0284392892856431e-8,0.9249200224876404],"t":1.176885900000343,"cam":[218.18231201171876,19.718902587890626,612.1344604492188,0.9203428030014038,-0.25499191880226138,0.29656103253364565,-1.4901162970204497e-8,0.7582491636276245,0.6519648432731628,-0.3911129832267761,-0.6000311374664307,0.6978490352630615],"v":[-5.938222885131836,0.000025985702450270766,-14.856620788574219]},{"cf":[211.68666076660157,7.70596981048584,601.3201293945313,0.9156360626220703,7.883060249014307e-8,0.40200817584991457,-7.771395615918664e-8,1,-1.908642843773123e-8,-0.40200817584991457,-1.3765424355938194e-8,0.9156360626220703],"t":1.19094159999986,"cam":[218.41004943847657,19.662921905517579,611.7377319335938,0.908335268497467,-0.27122771739959719,0.3183750808238983,-1.4901162970204497e-8,0.7612204551696777,0.6484931707382202,-0.41824299097061159,-0.589049220085144,0.6914432644844055],"v":[-6.300257682800293,0.000025985584215959535,-14.70711898803711]},{"cf":[211.6324462890625,7.70596981048584,601.1983032226563,0.9033063054084778,7.119042066960901e-8,0.42899614572525027,-7.14838463977685e-8,1,-1.542814764832201e-8,-0.42899614572525027,-1.6729950758076485e-8,0.9033063054084778],"t":1.2038001999999324,"cam":[218.5402374267578,19.662944793701173,611.4945068359375,0.9007447957992554,-0.28167277574539187,0.33063456416130068,-1.4901159417490817e-8,0.7612192034721375,0.6484946608543396,-0.4343486428260803,-0.584128201007843,0.6856642961502075],"v":[-6.6297736167907719,0.000025985435058828444,-14.56019115447998]},{"cf":[211.51809692382813,7.70596981048584,600.9574584960938,0.8955268859863281,5.649638978866278e-8,0.44500747323036196,-5.916373879699677e-8,1,-7.895759601694863e-9,-0.44500747323036196,-1.925744008701713e-8,0.8955268859863281],"t":1.2157477999999174,"cam":[218.72828674316407,19.662935256958009,611.0442504882813,0.8874630928039551,-0.2988772988319397,0.35083016753196719,-1.4901162970204497e-8,0.7612197995185852,0.6484940052032471,-0.46087905764579775,-0.5755144953727722,0.6755542755126953],"v":[-6.932905197143555,0.00002598534592834767,-14.419801712036133]},{"cf":[211.45851135253907,7.70596981048584,600.8381958007813,0.8874629735946655,4.896048722002888e-8,0.46087896823883059,-5.30985886371127e-8,1,-3.986848629011774e-9,-0.46087896823883059,-2.0933843103421169e-8,0.8874629735946655],"t":1.2247521999997844,"cam":[218.7879180908203,19.662952423095704,610.8386840820313,0.8819305896759033,-0.30568715929985049,0.35882288217544558,-1.4901161193847657e-8,0.7612189650535584,0.6484950184822083,-0.4713793396949768,-0.5719276070594788,0.6713422536849976],"v":[-7.252508163452148,0.000025985256797866897,-14.260640144348145]},{"cf":[211.3653564453125,7.70596981048584,600.6612548828125,0.8762747645378113,3.767374678886881e-8,0.48181167244911196,-4.411158727180009e-8,1,2.0342494355674036e-9,-0.48181167244911196,-2.3036040630586286e-8,0.8762747645378113],"t":1.2359784999998738,"cam":[218.87161254882813,19.66293716430664,610.5297241210938,0.8734004497528076,-0.3158183991909027,0.3707160949707031,0,0.7612197399139404,0.6484940648078919,-0.48700276017189028,-0.5663949847221375,0.6648496389389038],"v":[-7.5642781257629398,0.000025985138563555667,-14.098442077636719]},{"cf":[211.2686004638672,7.70596981048584,600.4862060546875,0.8675592541694641,2.6488498505727877e-8,0.4973338544368744,-3.5238873152820818e-8,1,8.210400359587311e-9,-0.4973338544368744,-2.4648493024415076e-8,0.8675592541694641],"t":1.2480329999998504,"cam":[218.94932556152345,19.66292953491211,610.219482421875,0.8645931482315064,-0.32585033774375918,0.3824922442436218,2.9802322387695315e-8,0.7612200975418091,0.6484936475753784,-0.5024726390838623,-0.5606831908226013,0.6581456065177918],"v":[-7.824466705322266,0.00002598504943307489,-13.955942153930664]},{"cf":[211.20236206054688,7.70596981048584,600.3704833984375,0.861595869064331,1.902031243616875e-8,0.507594883441925,-2.9388543154595938e-8,1,1.2412920469273559e-8,-0.507594883441925,-2.5612395759821994e-8,0.861595869064331],"t":1.257352599999649,"cam":[218.99807739257813,19.662933349609376,610.0119018554688,0.8585681915283203,-0.3324824869632721,0.3902769684791565,1.4901161193847657e-8,0.7612197995185852,0.6484939455986023,-0.5126994252204895,-0.5567762851715088,0.6535590887069702],"v":[-7.990044116973877,0.000025984989406424576,-13.861832618713379]},{"cf":[210.8222198486328,7.70596981048584,599.736328125,0.8555106520652771,-2.7841764449476615e-9,0.5177852511405945,-1.2028607443426154e-8,1,2.525135478492757e-8,-0.5177852511405945,-2.7831037030523477e-8,0.8555106520652771],"t":1.2830174999999145,"cam":[218.90052795410157,19.662948608398439,609.1422119140625,0.8429799675941467,-0.3488544225692749,0.40949395298957827,2.9802318834981635e-8,0.7612191438674927,0.6484947204589844,-0.5379448533058167,-0.5466680526733398,0.641692578792572],"v":[-16.52984619140625,0.000025984929379774259,-27.321096420288087]},{"cf":[210.68255615234376,7.70596981048584,599.5093994140625,0.8397731184959412,-1.0770158986872503e-8,0.5429375171661377,-6.3675296146925579e-9,1,2.9685624625130914e-8,-0.5429375171661377,-2.8386359929299944e-8,0.8397731184959412],"t":1.2930176999998367,"cam":[218.87191772460938,19.66295623779297,608.8187255859375,0.8365365266799927,-0.3553179204463959,0.4170803427696228,-1.4901162970204497e-8,0.761218786239624,0.6484952569007874,-0.5479113459587097,-0.5424899458885193,0.6367871165275574],"v":[-16.966796875,0.000025984780222643168,-27.11795997619629]},{"cf":[210.53822326660157,7.70596981048584,599.2852172851563,0.8332697749137878,-1.826481721423079e-8,0.5528666377067566,-7.618737307701906e-10,1,3.4184850505880607e-8,-0.5528666377067566,-2.8906416815743797e-8,0.8332697749137878],"t":1.302838800000245,"cam":[218.8920135498047,19.662954330444337,608.4473266601563,0.8266501426696777,-0.36491867899894717,0.42835015058517458,-1.4901159417490817e-8,0.761218786239624,0.6484951376914978,-0.5627161264419556,-0.5360785722732544,0.6292616724967957],"v":[-17.416213989257814,0.000025984718377003447,-26.84248924255371]},{"cf":[210.31690979003907,7.70596981048584,598.9520263671875,0.8232955932617188,-2.9509486410006504e-8,0.5676128268241882,7.527533263385067e-9,1,4.1070425282896397e-8,-0.5676128268241882,-2.9540377255443674e-8,0.8232955932617188],"t":1.317565100000138,"cam":[219.04397583007813,19.66295623779297,607.75927734375,0.8025686144828796,-0.38686618208885195,0.45411252975463869,-2.980232594040899e-8,0.7612186670303345,0.6484951972961426,-0.5965598821640015,-0.520461916923523,0.6109301447868347],"v":[-17.874191284179689,0.000025984631065512077,-26.541616439819337]},{"cf":[210.25753784179688,7.70596981048584,598.5849609375,0.7881833910942078,-4.1945618534100507e-8,0.6154404282569885,1.5475286829769176e-8,1,4.833652766933483e-8,-0.6154404282569885,-2.8573930777042734e-8,0.7881833910942078],"t":1.3277029999999286,"cam":[219.24205017089845,19.662940979003908,607.1294555664063,0.7845178842544556,-0.4021354913711548,0.4720369279384613,-1.4901162970204497e-8,0.7612193822860718,0.6484944224357605,-0.6201063394546509,-0.5087554454803467,0.5971900820732117],"v":[1.2685909271240235,0.0000259843363892287,-30.793941497802736]},{"cf":[210.28395080566407,7.70596981048584,598.3223266601563,0.7771036624908447,-4.959566268780691e-8,0.6293725967407227,2.063510784466871e-8,1,5.3323017112916207e-8,-0.6293725967407227,-2.845034074994146e-8,0.7771036624908447],"t":1.3378481999998258,"cam":[219.63235473632813,19.718917846679689,606.3947143554688,0.7542069554328919,-0.42810487747192385,0.4978938102722168,-1.4901162970204497e-8,0.7582483291625977,0.651965856552124,-0.6566369533538818,-0.4917171895503998,0.571876049041748],"v":[3.4196321964263918,0.000025984247258747929,-31.638622283935548]},{"cf":[210.32296752929688,7.70596981048584,597.9246826171875,0.750297486782074,-6.144897923832105e-8,0.6611003279685974,2.803826149033739e-8,1,6.112830419624516e-8,-0.6611003279685974,-2.732830850504797e-8,0.750297486782074],"t":1.3465186000003087,"cam":[219.82785034179688,19.774673461914064,605.7373657226563,0.7384099960327148,-0.4419861435890198,0.5093122124671936,1.4901161193847657e-8,0.7552616596221924,0.6554234623908997,-0.6743520498275757,-0.4839712381362915,0.5576927661895752],"v":[2.6374404430389406,0.000025984041712945328,-31.87686538696289]},{"cf":[210.3361053466797,7.70596981048584,597.658447265625,0.7221971154212952,-6.966946841657773e-8,0.691687285900116,3.2745489875196657e-8,1,6.653407069734385e-8,-0.691687285900116,-2.5401073244779583e-8,0.7221971154212952],"t":1.3559377000001405,"cam":[220.1572265625,19.774673461914064,605.0696411132813,0.7097685933113098,-0.4617031514644623,0.5320327281951904,-1.4901159417490817e-8,0.7552617788314819,0.6554234027862549,-0.7044349312782288,-0.46519893407821658,0.5360610485076904],"v":[1.2606942653656006,0.000025983839805121535,-31.96742057800293]},{"cf":[210.340576171875,7.70596981048584,597.2586059570313,0.6928475499153137,-8.137059381851941e-8,0.7210840582847595,3.950093230287166e-8,1,7.489066433663538e-8,-0.7210840582847595,-2.3404322035958104e-8,0.6928475499153137],"t":1.3694438000002265,"cam":[220.5074462890625,19.83021354675293,604.1024780273438,0.6711505651473999,-0.4884326159954071,0.557665228843689,-1.4901161193847657e-8,0.7522586584091187,0.6588678359985352,-0.7413210868835449,-0.4421995282173157,0.5048788189888],"v":[-0.24386602640151978,0.000025983641535276548,-31.993587493896486]},{"cf":[210.33363342285157,7.70596981048584,596.9920654296875,0.6711505055427551,-8.915820615129633e-8,0.7413211464881897,4.379001339316346e-8,1,8.062432499400529e-8,-0.7413211464881897,-2.164859047582013e-8,0.6711505055427551],"t":1.3789513000001535,"cam":[220.6232147216797,19.885522842407228,603.5609130859375,0.6533681750297546,-0.5013861060142517,0.5672054886817932,0,0.7492407560348511,0.6622978448867798,-0.75704026222229,-0.43272432684898379,0.4895300567150116],"v":[-1.1764023303985596,0.000025983497835113668,-31.97296714782715]},{"cf":[210.31639099121095,8.36016845703125,596.592529296875,0.6527023911476135,5.289010474029965e-8,0.7576144337654114,4.909901818450635e-8,1,-1.1211131578647837e-7,-0.7576144337654114,1.1037344194164689e-7,0.6527023911476135],"t":1.389408000000003,"cam":[220.7212677001953,20.539722442626954,602.9771728515625,0.6397883892059326,-0.5090097188949585,0.5758296847343445,0,0.7492405772209168,0.6622978448867798,-0.7685511112213135,-0.4237304627895355,0.47935545444488528],"v":[-1.7713305950164796,51.51836013793945,-31.940771102905275]},{"cf":[210.28208923339845,8.983710289001465,596.1941528320313,0.6440542340278626,0.0000032408745482825909,0.7649798393249512,-4.5518646629716389e-8,1,-0.000004198225724394433,-0.7649798393249512,0.000002669064087967854,0.6440542340278626],"t":1.401875100000325,"cam":[220.83558654785157,21.163251876831056,602.330078125,0.6213686466217041,-0.518921971321106,0.5870442986488342,0,0.7492413520812988,0.6622971296310425,-0.783518373966217,-0.41153067350387576,0.4655550718307495],"v":[-3.072935104370117,49.06585693359375,-31.849870681762697]},{"cf":[210.25318908691407,9.382373809814454,595.9291381835938,0.6364569664001465,0.000007078165253915358,0.7713122367858887,-2.651449051427335e-7,1,-0.000008957996215031017,-0.7713122367858887,0.000005496869562193751,0.6364569664001465],"t":1.4107243999997082,"cam":[220.87876892089845,21.561931610107423,601.9393310546875,0.6120239496231079,-0.5237712860107422,0.5925287008285523,1.4901161193847657e-8,0.7492403984069824,0.6622980833053589,-0.7908391952514648,-0.4053422808647156,0.45855313539505007],"v":[-3.5412731170654299,47.43085479736328,-31.80299186706543]},{"cf":[210.2036590576172,9.954821586608887,595.5322265625,0.6278297305107117,0.000012491469533415512,0.7783507108688355,-8.391051551370765e-7,1,-0.000015371802874142305,-0.7783507108688355,0.000008997757504403126,0.6278297305107117],"t":1.4240636000004088,"cam":[220.8607635498047,22.189462661743165,601.3864135742188,0.6025959849357605,-0.5312708616256714,0.5955076813697815,0,0.7462068796157837,0.6657142043113709,-0.7980464696884155,-0.4011566936969757,0.4496612250804901],"v":[-4.120540142059326,44.97835159301758,-31.73354148864746]},{"cf":[210.1488800048828,10.496613502502442,595.1360473632813,0.6186636090278626,0.000015950865417835304,0.7856559753417969,-0.0000015030697113616043,1,-0.000019119017451885158,-0.7856559753417969,0.000010647344424796757,0.6186636090278626],"t":1.4352930000004563,"cam":[220.87474060058595,22.731264114379884,600.8633422851563,0.5930808782577515,-0.5359954833984375,0.6008027195930481,1.4901161193847657e-8,0.7462064027786255,0.6657147407531738,-0.805142879486084,-0.3948226869106293,0.44256076216697695],"v":[-4.50776481628418,42.525848388671878,-31.6811580657959]},{"cf":[210.08985900878907,11.007749557495118,594.7405395507813,0.6093451976776123,0.000017597789337742144,0.7929050922393799,-0.000002030237055805628,1,-0.000020633837266359479,-0.7929050922393799,0.000010963344720948954,0.6093451976776123],"t":1.4481355999996595,"cam":[220.88294982910157,23.242401123046876,600.3401489257813,0.5834836959838867,-0.5406435132026672,0.606012761592865,0,0.7462064027786255,0.6657147407531738,-0.8121249079704285,-0.38843369483947756,0.43539920449256899],"v":[-4.766887187957764,40.07334899902344,-31.64357566833496]},{"cf":[210.02598571777345,11.488228797912598,594.3456420898438,0.5998753905296326,0.000018216780517832377,0.800093412399292,-0.0000023351699383056259,1,-0.000021017507606302389,-0.800093412399292,0.000010739531717263162,0.5998753905296326],"t":1.460186799999974,"cam":[220.84449768066407,23.777729034423829,599.78857421875,0.57380610704422,-0.5480005145072937,0.6086395382881165,-1.4901162970204497e-8,0.743157684803009,0.6691163778305054,-0.8189913034439087,-0.3839430510997772,0.42642834782600405],"v":[-5.2525835037231449,37.620845794677737,-31.56605339050293]},{"cf":[209.98077392578126,11.79151725769043,594.0829467773438,0.59510338306427,0.000018336433640797624,0.8036491274833679,-0.0000024389025838900126,1,-0.00002101045538438484,-0.8036491274833679,0.000010543370990490076,0.59510338306427],"t":1.4692493000002287,"cam":[220.8631134033203,24.081008911132814,599.3970947265625,0.5640468001365662,-0.5525175929069519,0.6136574745178223,0,0.7431581616401672,0.6691158413887024,-0.8257428407669067,-0.3774126470088959,0.4191759526729584],"v":[-5.462651252746582,35.985843658447269,-31.53057098388672]},{"cf":[209.90890502929688,12.220902442932129,593.6895141601563,0.5807626247406006,0.000018482005543773995,0.8140729665756226,-0.0000024940907223935939,1,-0.000020923838746966795,-0.8140729665756226,0.000010121411833097227,0.5807626247406006],"t":1.480217299999822,"cam":[220.78160095214845,24.565044403076173,598.911376953125,0.5591365098953247,-0.5575575232505798,0.6135927438735962,0,0.7400926947593689,0.6725049614906311,-0.8290756940841675,-0.376022070646286,0.4138127863407135],"v":[-5.8647990226745609,33.53334045410156,-31.458358764648439]},{"cf":[209.8059539794922,12.745729446411133,593.166259765625,0.5970885157585144,0.000018184662621933968,0.8021753430366516,-0.000002513216713850852,1,-0.000020798504920094275,-0.8021753430366516,0.000010402508451079484,0.5970885157585144],"t":1.4950544000002993,"cam":[220.7398681640625,25.08987808227539,598.2586669921875,0.5492556691169739,-0.5619819760322571,0.6184613704681397,1.4901161193847657e-8,0.7400923371315002,0.672505259513855,-0.8356543779373169,-0.3693773150444031,0.4064999222755432],"v":[-6.263284206390381,30.263341903686525,-31.381155014038087]},{"cf":[209.75213623046876,12.98770523071289,592.9050903320313,0.5492557287216187,0.000018698838175623679,0.8356543779373169,-0.0000025038548301381526,1,-0.000020730558389914223,-0.8356543779373169,0.000009294019946537447,0.5492557287216187],"t":1.5065690000001269,"cam":[220.68605041503907,25.33185577392578,597.9974975585938,0.5492557287216187,-0.5619820952415466,0.6184611916542053,-1.4901161193847657e-8,0.7400920987129211,0.6725054383277893,-0.8356543183326721,-0.369377464056015,0.40649980306625368],"v":[-6.450567245483398,28.62834358215332,-31.345243453979493]},{"cf":[209.67074584960938,13.325121879577637,592.513427734375,0.5709338784217835,0.000018358863599132748,0.8209960460662842,-0.0000024682883577042959,1,-0.000020645207769121045,-0.8209960460662842,0.000009760593457031064,0.5709338784217835],"t":1.5171244000002844,"cam":[220.6046600341797,25.669273376464845,597.6058349609375,0.5492557287216187,-0.5619821548461914,0.6184611916542053,-1.4901161193847657e-8,0.7400920987129211,0.6725054979324341,-0.8356543779373169,-0.3693774938583374,0.40649980306625368],"v":[-6.478736877441406,26.175846099853517,-31.33791732788086]},{"cf":[209.61643981933595,13.533035278320313,592.2523193359375,0.5709322094917297,0.000018324415577808396,0.8209971785545349,-0.0000024599551124993015,1,-0.000020609020793926903,-0.8209971785545349,0.000009746738214744255,0.5709322094917297],"t":1.5269000999996934,"cam":[220.55035400390626,25.877185821533204,597.3447265625,0.5492557287216187,-0.5619820952415466,0.6184611916542053,-1.4901161193847657e-8,0.7400920987129211,0.6725054383277893,-0.8356543183326721,-0.369377464056015,0.40649980306625368],"v":[-6.480100154876709,24.540847778320314,-31.337610244750978]},{"cf":[209.53497314453126,13.819357872009278,591.8607177734375,0.5922166109085083,0.000018048196579911747,0.8057788014411926,-0.000002473259883117862,1,-0.00002058069730992429,-0.8057788014411926,0.00001019533010548912,0.5922166109085083],"t":1.53548789999968,"cam":[220.46888732910157,26.163509368896486,596.953125,0.5492557287216187,-0.5619821548461914,0.6184611916542053,-1.4901161193847657e-8,0.7400920987129211,0.6725054979324341,-0.8356543779373169,-0.3693774938583374,0.40649980306625368],"v":[-6.48038911819458,22.088350296020509,-31.3371639251709]},{"cf":[209.5078125,13.907986640930176,591.7301635742188,0.5709314942359924,0.000018299682778888383,0.8209977149963379,-0.000002464079898345517,1,-0.000020576015231199564,-0.8209977149963379,0.000009724491064844188,0.5709314942359924],"t":1.544267399999626,"cam":[220.4002227783203,26.306549072265626,596.7952880859375,0.5492555499076843,-0.5648020505905151,0.6158871650695801,-1.4901162970204497e-8,0.7370117902755737,0.6758798956871033,-0.8356544971466065,-0.3712307810783386,0.40480777621269228],"v":[-6.480463027954102,21.270851135253908,-31.33774757385254]},{"cf":[209.42633056640626,14.153434753417969,591.3385009765625,0.5709311962127686,0.00001828870335884858,0.8209978938102722,-0.000002452152330079116,1,-0.000020570932974806057,-0.820997953414917,0.000009731375030241907,0.5709311962127686],"t":1.5547267000001739,"cam":[220.31874084472657,26.551998138427736,596.4036254882813,0.5492555499076843,-0.5648020505905151,0.6158872246742249,-1.4901162970204497e-8,0.7370119094848633,0.6758798360824585,-0.8356544971466065,-0.37123075127601626,0.40480780601501467],"v":[-6.480335712432861,18.8183536529541,-31.337566375732423]},{"cf":[209.37200927734376,14.30003547668457,591.077392578125,0.5709311366081238,0.000018288239516550676,0.820997953414917,-0.0000024510795810783749,1,-0.00002057111487374641,-0.820997953414917,0.000009732358194014524,0.5709311366081238],"t":1.5634557000003043,"cam":[220.26441955566407,26.698596954345704,596.1425170898438,0.5492554903030396,-0.5648019313812256,0.6158872842788696,0,0.7370119094848633,0.6758797764778137,-0.8356544375419617,-0.37123069167137148,0.4048078656196594],"v":[-6.480329513549805,17.1833553314209,-31.33755874633789]},{"cf":[209.29052734375,14.494390487670899,590.6857299804688,0.5709311366081238,0.00001829021675803233,0.820997953414917,-0.000002452560238452861,1,-0.000020572491848724895,-0.820997953414917,0.000009731928912515287,0.5709311366081238],"t":1.5753523000003043,"cam":[220.1829376220703,26.89295196533203,595.7508544921875,0.5492554903030396,-0.5648019313812256,0.6158872842788696,0,0.7370119094848633,0.6758797764778137,-0.8356544375419617,-0.37123069167137148,0.4048078656196594],"v":[-6.480328559875488,14.730855941772461,-31.337556838989259]},{"cf":[209.23622131347657,14.606928825378418,590.4246826171875,0.5492554903030396,0.000018549002561485396,0.8356544375419617,-0.0000024712680897209795,1,-0.000020572670109686443,-0.8356544375419617,0.000009234526260115672,0.5492554903030396],"t":1.5839939999996205,"cam":[220.12863159179688,27.005491256713868,595.4898071289063,0.5492554903030396,-0.5648019313812256,0.6158872842788696,0,0.7370119094848633,0.6758797764778137,-0.8356544375419617,-0.37123069167137148,0.4048078656196594],"v"